-1.119516e-03
-4.696205e-04
-2.304261e-03
-3.063402e-03
-2.758047e-03
-2.036901e-03
-1.722505e-03
-1.336905e-03
-1.051182e-03
-7.398181e-04
-7.137061e-04
-5.472746e-04
-6.253853e-04
-7.429377e-04
-9.786024e-04
-1.204347e-03
-1.558458e-03
-1.836505e-03
-1.949397e-03
-1.969191e-03
-2.031461e-03
-2.064474e-03
-1.929493e-03
-1.883409e-03
-2.670063e-03
-3.411982e-03
-3.839959e-03
-4.199644e-03
-4.317745e-03
-4.375074e-03
-4.064141e-03
-3.979578e-03
-3.874563e-03
-3.645396e-03
-3.423264e-03
-2.966976e-03
-2.729410e-03
-2.497868e-03
-2.082260e-03
-1.865449e-03
-1.620251e-03
-1.405902e-03
-1.140557e-03
-8.955538e-04
-6.410799e-04
-3.855055e-04
-1.607214e-04
4.158229e-05
2.806911e-04
4.841056e-04
6.132567e-04
7.832546e-04
8.975321e-04
9.763559e-04
1.156236e-03
1.318725e-03
1.310994e-03
1.430971e-03
1.563370e-03
1.594340e-03
1.621788e-03
1.604708e-03
1.651111e-03
1.442091e-03
1.483969e-03
1.424965e-03
1.274691e-03
1.324554e-03
1.180695e-03
1.009915e-03
8.824603e-04
7.137979e-04
4.718673e-04
1.843139e-04
-1.596179e-04
-6.391525e-04
-6.156611e-04
-2.011185e-04
3.485363e-04
8.102631e-04
1.466977e-03
2.253212e-03
3.004319e-03
3.902005e-03
4.728483e-03
5.451973e-03
6.276545e-03
7.169288e-03
8.264706e-03
9.904785e-03
1.247741e-02
1.599326e-02
2.086551e-02
2.675194e-02
3.262569e-02
2.732513e-02
9.494167e-03
7.938221e-04
-8.226555e-04
