4.6897003680270814e+01
4.6979651583768359e+01
4.7073724373337313e+01
4.7155242914449907e+01
4.7213557900951280e+01
4.7260175247476099e+01
4.7285779456693653e+01
4.7303428194427006e+01
4.7312770332439420e+01
4.7317383717257343e+01
4.7321032847083295e+01
4.7324196943359922e+01
4.7327432972713176e+01
4.7330688925114003e+01
4.7336147079481258e+01
4.7341801384547765e+01
4.7348993779206580e+01
4.7354188718311406e+01
4.7359699113917067e+01
4.7365520180870384e+01
4.7368663219180299e+01
4.7369434413690094e+01
4.7377191038685631e+01
4.7389668863731082e+01
4.7406582058701950e+01
4.7426141049324727e+01
4.7448690287110075e+01
4.7473012476903605e+01
4.7497662863106072e+01
4.7522841084915235e+01
4.7547197093982682e+01
4.7570702859224632e+01
4.7593935045787774e+01
4.7616367053834033e+01
4.7638057397250670e+01
4.7658512737733354e+01
4.7678105710697217e+01
4.7696549853887248e+01
4.7714469281486295e+01
4.7731826519353490e+01
4.7748224441023858e+01
4.7764128657993183e+01
4.7779517906959555e+01
4.7793934819480917e+01
4.7807883877063077e+01
4.7821135197690346e+01
4.7834172160449334e+01
4.7846568731899623e+01
4.7858023479157616e+01
4.7868846893310547e+01
4.7879130264180731e+01
4.7889099117094034e+01
4.7898614161738926e+01
4.7907954702801192e+01
4.7916561067628358e+01
4.7924842235826382e+01
4.7932790709392599e+01
4.7940415514676552e+01
4.7948137566969272e+01
4.7955853751694931e+01
4.7962701742020954e+01
4.7969826036440807e+01
4.7977122075507452e+01
4.7984016094600449e+01
4.7990646946690127e+01
4.7998181869768104e+01
4.8005506723543959e+01
4.8012584747179524e+01
4.8020352186822883e+01
4.8028700937497646e+01
4.8036942674378885e+01
4.8046080970529211e+01
4.8056100657838002e+01
4.8066465789445566e+01
4.8077357037819773e+01
4.8089269946769654e+01
4.8101513115566384e+01
4.8114093386525184e+01
4.8128372080008440e+01
4.8143644181123726e+01
4.8158287058691421e+01
4.8170616049774431e+01
4.8179440722678343e+01
4.8181198816475266e+01
4.8177763740729027e+01
4.8164372843680937e+01
4.8141346552145578e+01
4.8108730077553147e+01
4.8069302460276134e+01
4.8019503569386011e+01
4.7950410619262122e+01
4.7842144154969922e+01
4.7659001399100056e+01
4.7378933413716773e+01
4.6998097435826253e+01
4.6635077256640464e+01
4.6608738753446048e+01
4.6737376905143293e+01
4.6829753089658922e+01
