       4.4810854e-01,       8.7318858e-09,       5.6336827e-08,       5.4878643e-09,       1.1678861e-09,       2.8580201e-09,       1.4558191e-10,       1.6136930e-09,       2.0857441e-09
       4.5248193e-01,      -9.2396378e-03,       7.2237482e-03,      -4.1588476e-04,       4.0241073e-04,       2.4122299e-04,       4.6342226e-04,      -3.1081986e-04,       5.5352799e-04
       4.5697485e-01,      -1.8657481e-02,       1.4684355e-02,      -8.3715814e-04,       1.3698885e-03,       8.1775756e-04,       1.5830825e-03,      -1.0492458e-03,       1.8853643e-03
       4.6159014e-01,      -2.8154734e-02,       2.2310620e-02,      -1.2531281e-03,       2.6233269e-03,       1.5641600e-03,       3.0275094e-03,      -1.9894459e-03,       3.6074981e-03
       4.6633067e-01,      -3.7608681e-02,       3.0006353e-02,      -1.6593736e-03,       3.9734700e-03,       2.3728800e-03,       4.5668119e-03,      -2.9806046e-03,       5.4565810e-03
       4.7119936e-01,      -4.6892644e-02,       3.7666223e-02,      -2.0558974e-03,       5.2989262e-03,       3.1767923e-03,       6.0628645e-03,      -3.9286260e-03,       7.2692915e-03
       4.7619917e-01,      -5.5888352e-02,       4.5185945e-02,      -2.4421941e-03,       6.5255927e-03,       3.9353661e-03,       7.4435242e-03,      -4.7783306e-03,       8.9522415e-03
       4.8133309e-01,      -6.4497030e-02,       5.2471837e-02,      -2.8184076e-03,       7.6134671e-03,       4.6267643e-03,       8.6781400e-03,      -5.5019052e-03,       1.0459186e-02
       4.8660414e-01,      -7.2641000e-02,       5.9445561e-02,      -3.1867261e-03,       8.5462520e-03,       5.2410756e-03,       9.7600760e-03,      -6.0890402e-03,       1.1773702e-02
       4.9201541e-01,      -8.0265973e-02,       6.6047887e-02,      -3.5518364e-03,       9.3241109e-03,       5.7776119e-03,       1.0695129e-02,      -6.5419625e-03,       1.2898426e-02
       4.9756998e-01,      -8.7336376e-02,       7.2237262e-02,      -3.9203930e-03,       9.9574588e-03,       6.2413464e-03,       1.1494380e-02,      -6.8704642e-03,       1.3846592e-02
       5.0327100e-01,      -9.3831221e-02,       7.7987305e-02,      -4.2986869e-03,       1.0461563e-02,       6.6404445e-03,       1.2170599e-02,      -7.0883250e-03,       1.4636303e-02
       5.0912162e-01,      -9.9744405e-02,       8.3286134e-02,      -4.6892957e-03,       1.0854178e-02,       6.9847381e-03,       1.2737454e-02,      -7.2109689e-03,       1.5288185e-02
       5.1512504e-01,      -1.0508224e-01,       8.8133239e-02,      -5.0891010e-03,       1.1155613e-02,       7.2847110e-03,       1.3208602e-02,      -7.2547361e-03,       1.5824463e-02
       5.2128447e-01,      -1.0985475e-01,       9.2534226e-02,      -5.4892219e-03,       1.1384943e-02,       7.5506701e-03,       1.3597148e-02,      -7.2349424e-03,       1.6266380e-02
       5.2760315e-01,      -1.1408062e-01,       9.6501703e-02,      -5.8754410e-03,       1.1558137e-02,       7.7922975e-03,       1.3916613e-02,      -7.1655194e-03,       1.6633524e-02
       5.3408435e-01,      -1.1778229e-01,       1.0005078e-01,      -6.2327999e-03,       1.1687411e-02,       8.0176869e-03,       1.4181170e-02,      -7.0579920e-03,       1.6943134e-02
       5.4073135e-01,      -1.2098104e-01,       1.0319648e-01,      -6.5521124e-03,       1.1782917e-02,       8.2340722e-03,       1.4403257e-02,      -6.9224612e-03,       1.7210123e-02
       5.4754743e-01,      -1.2370263e-01,       1.0595818e-01,      -6.8304820e-03,       1.1852456e-02,       8.4481376e-03,       1.4589774e-02,      -6.7674075e-03,       1.7445184e-02
       5.5453590e-01,      -1.2597264e-01,       1.0835476e-01,      -7.0674941e-03,       1.1908380e-02,       8.6662299e-03,       1.4743390e-02,      -6.6028364e-03,       1.7659000e-02
       5.6170008e-01,      -1.2781456e-01,       1.1040487e-01,      -7.2675804e-03,       1.1958570e-02,       8.8944997e-03,       1.4870021e-02,      -6.4366496e-03,       1.7861545e-02
       5.6904328e-01,      -1.2925101e-01,       1.1212724e-01,      -7.4364086e-03,       1.2013827e-02,       9.1390354e-03,       1.4980288e-02,      -6.2755807e-03,       1.8066575e-02
       5.7656882e-01,      -1.3029889e-01,       1.1354002e-01,      -7.5829281e-03,       1.2082038e-02,       9.4046148e-03,       1.5087528e-02,      -6.1234046e-03,       1.8287090e-02
       5.8428001e-01,      -1.3096375e-01,       1.1465657e-01,      -7.7219161e-03,       1.2171195e-02,       9.6960171e-03,       1.5203270e-02,      -5.9836947e-03,       1.8535241e-02
       5.9218017e-01,      -1.3124909e-01,       1.1549030e-01,      -7.8671793e-03,       1.2286775e-02,       1.0018235e-02,       1.5338225e-02,      -5.8584807e-03,       1.8821617e-02
       6.0027258e-01,      -1.3115039e-01,       1.1605027e-01,      -8.0191194e-03,       1.2439207e-02,       1.0376154e-02,       1.5495416e-02,      -5.7518716e-03,       1.9155389e-02
       6.0856052e-01,      -1.3065300e-01,       1.1634123e-01,      -8.1600032e-03,       1.2636125e-02,       1.0773770e-02,       1.5672004e-02,      -5.6680395e-03,       1.9540950e-02
       6.1704724e-01,      -1.2975088e-01,       1.1636912e-01,      -8.2682476e-03,       1.2880992e-02,       1.1215530e-02,       1.5870023e-02,      -5.6139781e-03,       1.9983273e-02
       6.2573597e-01,      -1.2844897e-01,       1.1613965e-01,      -8.3294549e-03,       1.3173262e-02,       1.1703878e-02,       1.6098740e-02,      -5.5925950e-03,       2.0487940e-02
       6.3462990e-01,      -1.2673373e-01,       1.1564513e-01,      -8.3497187e-03,       1.3517242e-02,       1.2244609e-02,       1.6366683e-02,      -5.6079486e-03,       2.1064267e-02
       6.4373219e-01,      -1.2457623e-01,       1.1487570e-01,      -8.3532894e-03,       1.3915800e-02,       1.2846170e-02,       1.6683735e-02,      -5.6634690e-03,       2.1722853e-02
       6.5304594e-01,      -1.2192857e-01,       1.1381896e-01,      -8.3544865e-03,       1.4381546e-02,       1.3512945e-02,       1.7057277e-02,      -5.7619500e-03,       2.2475884e-02
       6.6257421e-01,      -1.1872805e-01,       1.1246095e-01,      -8.3503095e-03,       1.4920643e-02,       1.4249657e-02,       1.7481623e-02,      -5.9049799e-03,       2.3325962e-02
       6.7231999e-01,      -1.1489618e-01,       1.1079734e-01,      -8.3144388e-03,       1.5552064e-02,       1.5064105e-02,       1.7953995e-02,      -6.1043003e-03,       2.4285082e-02
       6.8228623e-01,      -1.1036351e-01,       1.0882923e-01,      -8.1982459e-03,       1.6302676e-02,       1.5966068e-02,       1.8476377e-02,      -6.3719805e-03,       2.5372561e-02
       6.9247578e-01,      -1.0507109e-01,       1.0654882e-01,      -7.9624782e-03,       1.7186666e-02,       1.6960709e-02,       1.9052915e-02,      -6.7167094e-03,       2.6600145e-02
       7.0289143e-01,      -9.8971194e-02,       1.0394263e-01,      -7.6081905e-03,       1.8193003e-02,       1.8047530e-02,       1.9716426e-02,      -7.1440963e-03,       2.7978480e-02
       7.1353588e-01,      -9.2032961e-02,       1.0100952e-01,      -7.1525567e-03,       1.9335101e-02,       1.9229185e-02,       2.0514101e-02,      -7.6762494e-03,       2.9539194e-02
       7.2441173e-01,      -8.4255261e-02,       9.7756655e-02,      -6.6067728e-03,       2.0610299e-02,       2.0507041e-02,       2.1440438e-02,      -8.3138613e-03,       3.1278889e-02
       7.3552149e-01,      -7.5612689e-02,       9.4192899e-02,      -6.0083993e-03,       2.2022735e-02,       2.1879020e-02,       2.2477759e-02,      -9.0439204e-03,       3.3189757e-02
       7.4686754e-01,      -6.5988419e-02,       9.0286051e-02,      -5.4476113e-03,       2.3593833e-02,       2.3359382e-02,       2.3623874e-02,      -9.8679553e-03,       3.5288544e-02
       7.5845218e-01,      -5.5232950e-02,       8.5992756e-02,      -4.9795622e-03,       2.5377490e-02,       2.4969873e-02,       2.4898076e-02,      -1.0809451e-02,       3.7622719e-02
       7.7027754e-01,      -4.3245587e-02,       8.1327318e-02,      -4.6085821e-03,       2.7395351e-02,       2.6714700e-02,       2.6322385e-02,      -1.1874609e-02,       4.0216218e-02
       7.8234565e-01,      -2.9957854e-02,       7.6358234e-02,      -4.4116108e-03,       2.9626779e-02,       2.8560847e-02,       2.7940374e-02,      -1.3054619e-02,       4.3064000e-02
       7.9465837e-01,      -1.5286247e-02,       7.1126830e-02,      -4.3740937e-03,       3.1997370e-02,       3.0477581e-02,       2.9763345e-02,      -1.4310359e-02,       4.6119148e-02
       8.0721745e-01,       9.3855500e-04,       6.5637923e-02,      -4.3905405e-03,       3.4607471e-02,       3.2473799e-02,       3.1802173e-02,      -1.5669568e-02,       4.9441722e-02
       8.2002444e-01,       1.8933967e-02,       5.9922466e-02,      -4.3359766e-03,       3.7545137e-02,       3.4580152e-02,       3.4018257e-02,      -1.7167004e-02,       5.3071773e-02
       8.3308073e-01,       3.8915911e-02,       5.4008149e-02,      -4.1366663e-03,       4.0820730e-02,       3.6771884e-02,       3.6346145e-02,      -1.8818523e-02,       5.6969379e-02
       8.4638755e-01,       6.1001393e-02,       4.7908591e-02,      -3.8910157e-03,       4.4384253e-02,       3.9024969e-02,       3.8780567e-02,      -2.0604983e-02,       6.1094894e-02
       8.5994593e-01,       8.5212380e-02,       4.1667039e-02,      -3.8339883e-03,       4.8270011e-02,       4.1309768e-02,       4.1205644e-02,      -2.2507639e-02,       6.5392712e-02
       8.7375671e-01,       1.1168063e-01,       3.5355336e-02,      -3.9766046e-03,       5.2464633e-02,       4.3565377e-02,       4.3576868e-02,      -2.4504900e-02,       6.9803439e-02
       8.8782053e-01,       1.4028505e-01,       2.9065702e-02,      -4.2909037e-03,       5.6858709e-02,       4.5724597e-02,       4.5988483e-02,      -2.6552523e-02,       7.4285894e-02
       9.0213781e-01,       1.7103258e-01,       2.2877031e-02,      -4.6925004e-03,       6.1307871e-02,       4.7789671e-02,       4.8466082e-02,      -2.8564495e-02,       7.8781812e-02
       9.1670876e-01,       2.0412090e-01,       1.6815231e-02,      -5.0192821e-03,       6.5953272e-02,       4.9700952e-02,       5.0910844e-02,      -3.0504078e-02,       8.3282534e-02
       9.3153335e-01,       2.3969889e-01,       1.0883649e-02,      -5.2025075e-03,       7.0664916e-02,       5.1436829e-02,       5.3142172e-02,      -3.2355529e-02,       8.7621958e-02
       9.4661133e-01,       2.7759371e-01,       5.2308386e-03,      -5.4580358e-03,       7.5111946e-02,       5.2760098e-02,       5.5207337e-02,      -3.3990331e-02,       9.1539691e-02
       9.6194219e-01,       3.1807800e-01,      -3.0733991e-05,      -5.6021191e-03,       7.9346785e-02,       5.3667460e-02,       5.7028337e-02,      -3.5494175e-02,       9.5021291e-02
       9.7752517e-01,       3.6074205e-01,      -4.6084056e-03,      -5.6521082e-03,       8.3370586e-02,       5.4182424e-02,       5.8574219e-02,      -3.6769833e-02,       9.8063614e-02
       9.9335926e-01,       4.0511674e-01,      -8.4169748e-03,      -5.8753570e-03,       8.6965029e-02,       5.4348272e-02,       5.9917456e-02,      -3.7661597e-02,       1.0061538e-01
       1.0094432e+00,       4.5082812e-01,      -1.1454044e-02,      -6.2358775e-03,       8.9941132e-02,       5.4084039e-02,       6.0912895e-02,      -3.8133122e-02,       1.0246903e-01
       1.0257754e+00,       4.9763166e-01,      -1.3776006e-02,      -6.3127503e-03,       9.2073018e-02,       5.3449239e-02,       6.1306802e-02,      -3.8183286e-02,       1.0341453e-01
       1.0423540e+00,       5.4474338e-01,      -1.5218681e-02,      -5.9714339e-03,       9.2844623e-02,       5.2181885e-02,       6.1526273e-02,      -3.7586649e-02,       1.0327639e-01
       1.0591770e+00,       5.9198912e-01,      -1.5852187e-02,      -5.2474788e-03,       9.2434063e-02,       5.0376809e-02,       6.1344744e-02,      -3.6477160e-02,       1.0207781e-01
       1.0762420e+00,       6.3809795e-01,      -1.5570494e-02,      -4.2453495e-03,       9.0926245e-02,       4.8203415e-02,       6.0733557e-02,      -3.4874915e-02,       9.9931608e-02
       1.0935461e+00,       6.8243394e-01,      -1.4482812e-02,      -3.2792227e-03,       8.8283176e-02,       4.5832862e-02,       5.9739979e-02,      -3.2882751e-02,       9.6928009e-02
       1.1110865e+00,       7.2459540e-01,      -1.2690122e-02,      -2.6655450e-03,       8.4603568e-02,       4.3339273e-02,       5.8359281e-02,      -3.0615080e-02,       9.3151061e-02
       1.1288599e+00,       7.6408005e-01,      -1.0433781e-02,      -2.3283476e-03,       8.0098636e-02,       4.0877874e-02,       5.6681291e-02,      -2.8124246e-02,       8.8828901e-02
       1.1468626e+00,       8.0041460e-01,      -7.9240050e-03,      -2.0420959e-03,       7.4785397e-02,       3.8312037e-02,       5.4768956e-02,      -2.5431431e-02,       8.3933195e-02
       1.1650907e+00,       8.3309114e-01,      -5.2569298e-03,      -2.0562467e-03,       6.9175261e-02,       3.5766764e-02,       5.2642398e-02,      -2.2788315e-02,       7.8792212e-02
       1.1835401e+00,       8.6177029e-01,      -2.4860707e-03,      -2.2348496e-03,       6.3469000e-02,       3.3469306e-02,       5.0584607e-02,      -2.0242346e-02,       7.3761457e-02
       1.2022062e+00,       8.8638127e-01,       2.6000191e-04,      -2.3373960e-03,       5.7979025e-02,       3.1527542e-02,       4.8608366e-02,      -1.7877606e-02,       6.9057467e-02
       1.2210842e+00,       9.0684229e-01,       2.7975689e-03,      -2.4353089e-03,       5.2999869e-02,       2.9931972e-02,       4.6577875e-02,      -1.5782893e-02,       6.4754858e-02
       1.2401689e+00,       9.2344870e-01,       4.9402649e-03,      -2.4901239e-03,       4.8541649e-02,       2.8654932e-02,       4.4559091e-02,      -1.3990833e-02,       6.0877836e-02
       1.2594550e+00,       9.3684614e-01,       6.6875481e-03,      -2.5973681e-03,       4.4621532e-02,       2.7587727e-02,       4.2449226e-02,      -1.2459341e-02,       5.7329243e-02
       1.2789367e+00,       9.4757675e-01,       8.0546692e-03,      -2.8148705e-03,       4.1366430e-02,       2.6791163e-02,       4.0388784e-02,      -1.1261200e-02,       5.4273188e-02
       1.2986080e+00,       9.5607446e-01,       9.1095228e-03,      -2.9631799e-03,       3.8738453e-02,       2.6258425e-02,       3.8424306e-02,      -1.0365020e-02,       5.1710592e-02
       1.3184625e+00,       9.6286148e-01,       9.9119110e-03,      -3.0320092e-03,       3.6647473e-02,       2.5965725e-02,       3.6561425e-02,      -9.7004053e-03,       4.9587311e-02
       1.3384936e+00,       9.6843884e-01,       1.0508985e-02,      -3.0659733e-03,       3.4915756e-02,       2.5862872e-02,       3.4801766e-02,      -9.2446648e-03,       4.7790197e-02
       1.3586945e+00,       9.7318245e-01,       1.0898729e-02,      -3.0842686e-03,       3.3426941e-02,       2.5894388e-02,       3.3170828e-02,      -8.9734528e-03,       4.6246079e-02
       1.3790579e+00,       9.7725969e-01,       1.1103590e-02,      -2.9898769e-03,       3.2236918e-02,       2.5953086e-02,       3.1688647e-02,      -8.8089121e-03,       4.4939326e-02
       1.3995765e+00,       9.8096855e-01,       1.1177656e-02,      -2.7804074e-03,       3.1346373e-02,       2.6042537e-02,       3.0337457e-02,      -8.7488051e-03,       4.3863183e-02
       1.4202426e+00,       9.8441415e-01,       1.1176544e-02,      -2.4722614e-03,       3.0707086e-02,       2.6173683e-02,       2.9116126e-02,      -8.7754257e-03,       4.2998448e-02
       1.4410481e+00,       9.8762927e-01,       1.1106538e-02,      -2.1878979e-03,       3.0293878e-02,       2.6311011e-02,       2.8075114e-02,      -8.8636464e-03,       4.2340002e-02
       1.4619851e+00,       9.9073767e-01,       1.0984387e-02,      -2.0096597e-03,       3.0078014e-02,       2.6422406e-02,       2.7201048e-02,      -8.9779562e-03,       4.1850734e-02
       1.4830450e+00,       9.9392201e-01,       1.0839649e-02,      -1.8434087e-03,       2.9918129e-02,       2.6527599e-02,       2.6383844e-02,      -9.0942793e-03,       4.1414786e-02
       1.5042193e+00,       9.9710559e-01,       1.0691625e-02,      -1.5410925e-03,       2.9752879e-02,       2.6589342e-02,       2.5636612e-02,      -9.1986854e-03,       4.0989417e-02
       1.5254991e+00,       1.0002321e+00,       1.0529078e-02,      -1.1048464e-03,       2.9577622e-02,       2.6569816e-02,       2.4955218e-02,      -9.3051793e-03,       4.0551328e-02
       1.5468755e+00,       1.0032046e+00,       1.0359382e-02,      -6.0409807e-04,       2.9423116e-02,       2.6460883e-02,       2.4342455e-02,      -9.3989391e-03,       4.0113228e-02
       1.5683393e+00,       1.0060455e+00,       1.0194436e-02,      -7.2509461e-05,       2.9316467e-02,       2.6284638e-02,       2.3846583e-02,      -9.4671362e-03,       3.9723844e-02
       1.5898812e+00,       1.0088645e+00,       1.0047676e-02,       3.8127910e-04,       2.9202363e-02,       2.6072865e-02,       2.3405961e-02,      -9.5167295e-03,       3.9340595e-02
       1.6114918e+00,       1.0117157e+00,       9.9142937e-03,       6.4401906e-04,       2.9030793e-02,       2.5856613e-02,       2.2990748e-02,      -9.5491848e-03,       3.8939077e-02
       1.6331615e+00,       1.0145700e+00,       9.7832842e-03,       9.0966002e-04,       2.8824540e-02,       2.5600658e-02,       2.2635401e-02,      -9.5605180e-03,       3.8530300e-02
       1.6548805e+00,       1.0175637e+00,       9.6548099e-03,       1.3575603e-03,       2.8563448e-02,       2.5301802e-02,       2.2335326e-02,      -9.5531384e-03,       3.8100288e-02
       1.6766392e+00,       1.0207516e+00,       9.5198746e-03,       1.9174175e-03,       2.8323214e-02,       2.4966906e-02,       2.2061534e-02,      -9.5360955e-03,       3.7675827e-02
       1.6984276e+00,       1.0240319e+00,       9.3721565e-03,       2.4882114e-03,       2.8118404e-02,       2.4613119e-02,       2.1772563e-02,      -9.5211454e-03,       3.7252044e-02
       1.7202360e+00,       1.0273463e+00,       9.2265304e-03,       3.1107028e-03,       2.7938941e-02,       2.4245063e-02,       2.1462130e-02,      -9.4937840e-03,       3.6823067e-02
       1.7420543e+00,       1.0307817e+00,       9.1032749e-03,       3.7740480e-03,       2.7763837e-02,       2.3873401e-02,       2.1128947e-02,      -9.4403216e-03,       3.6383092e-02
       1.7638726e+00,       1.0343021e+00,       8.9896333e-03,       4.4381525e-03,       2.7561710e-02,       2.3480953e-02,       2.0768963e-02,      -9.3676624e-03,       3.5905813e-02
       1.7856809e+00,       1.0378524e+00,       8.8747897e-03,       5.0200877e-03,       2.7308618e-02,       2.3070991e-02,       2.0429065e-02,      -9.2863407e-03,       3.5404337e-02
       1.8074694e+00,       1.0414337e+00,       8.7603667e-03,       5.5069406e-03,       2.7058766e-02,       2.2644353e-02,       2.0139656e-02,      -9.1911230e-03,       3.4921388e-02
       1.8292280e+00,       1.0449679e+00,       8.6386581e-03,       5.9146672e-03,       2.6844715e-02,       2.2206382e-02,       1.9888739e-02,      -9.0896162e-03,       3.4469918e-02
       1.8509471e+00,       1.0484334e+00,       8.5021013e-03,       6.2112903e-03,       2.6639630e-02,       2.1771390e-02,       1.9615711e-02,      -8.9883695e-03,       3.4013365e-02
       1.8726167e+00,       1.0518574e+00,       8.3561110e-03,       6.4294497e-03,       2.6392663e-02,       2.1359040e-02,       1.9296148e-02,      -8.8855977e-03,       3.3523925e-02
       1.8942273e+00,       1.0552016e+00,       8.2142909e-03,       6.6335327e-03,       2.6097655e-02,       2.0952227e-02,       1.8939027e-02,      -8.7645655e-03,       3.2994454e-02
       1.9157692e+00,       1.0585110e+00,       8.0712667e-03,       6.7356378e-03,       2.5794569e-02,       2.0537433e-02,       1.8600494e-02,      -8.6341465e-03,       3.2466248e-02
       1.9372330e+00,       1.0617248e+00,       7.9314322e-03,       6.7491627e-03,       2.5476709e-02,       2.0125253e-02,       1.8287000e-02,      -8.4945850e-03,       3.1944481e-02
       1.9586094e+00,       1.0648049e+00,       7.7921502e-03,       6.8038725e-03,       2.5147258e-02,       1.9726885e-02,       1.7958865e-02,      -8.3494310e-03,       3.1416504e-02
       1.9798893e+00,       1.0677865e+00,       7.6521661e-03,       6.8100718e-03,       2.4828084e-02,       1.9337836e-02,       1.7610846e-02,      -8.1957762e-03,       3.0888383e-02
       2.0010636e+00,       1.0707606e+00,       7.5115046e-03,       6.6179512e-03,       2.4491794e-02,       1.8955472e-02,       1.7242986e-02,      -8.0342198e-03,       3.0345126e-02
       2.0221235e+00,       1.0737504e+00,       7.3724021e-03,       6.3857937e-03,       2.4100947e-02,       1.8572048e-02,       1.6863389e-02,      -7.8676868e-03,       2.9768192e-02
       2.0430604e+00,       1.0767516e+00,       7.2354847e-03,       6.1891824e-03,       2.3680441e-02,       1.8194947e-02,       1.6473489e-02,      -7.6974915e-03,       2.9174439e-02
       2.0638660e+00,       1.0797184e+00,       7.1025288e-03,       6.0023959e-03,       2.3284749e-02,       1.7825063e-02,       1.6105868e-02,      -7.5181438e-03,       2.8607840e-02
       2.0845320e+00,       1.0825732e+00,       6.9667827e-03,       5.8249042e-03,       2.2919029e-02,       1.7454175e-02,       1.5757533e-02,      -7.3362633e-03,       2.8065368e-02
       2.1050506e+00,       1.0852460e+00,       6.8199672e-03,       5.6938649e-03,       2.2567048e-02,       1.7075381e-02,       1.5420708e-02,      -7.1604358e-03,       2.7531568e-02
       2.1254141e+00,       1.0877476e+00,       6.6666141e-03,       5.5958824e-03,       2.2206842e-02,       1.6692622e-02,       1.5084174e-02,      -6.9826488e-03,       2.6991819e-02
       2.1456149e+00,       1.0901424e+00,       6.5228682e-03,       5.5294706e-03,       2.1842462e-02,       1.6305131e-02,       1.4743008e-02,      -6.7901334e-03,       2.6445300e-02
       2.1656461e+00,       1.0924472e+00,       6.3781535e-03,       5.4487867e-03,       2.1453925e-02,       1.5914576e-02,       1.4391433e-02,      -6.5970468e-03,       2.5879967e-02
       2.1855006e+00,       1.0946700e+00,       6.2329559e-03,       5.3747122e-03,       2.1021138e-02,       1.5527397e-02,       1.4048154e-02,      -6.4057207e-03,       2.5298345e-02
       2.2051718e+00,       1.0968176e+00,       6.0950631e-03,       5.3262940e-03,       2.0562624e-02,       1.5152243e-02,       1.3723523e-02,      -6.2070491e-03,       2.4719195e-02
       2.2246535e+00,       1.0988678e+00,       5.9657593e-03,       5.2655014e-03,       2.0103341e-02,       1.4789061e-02,       1.3426881e-02,      -5.9971662e-03,       2.4159642e-02
       2.2439396e+00,       1.1008107e+00,       5.8406515e-03,       5.1433293e-03,       1.9639753e-02,       1.4435793e-02,       1.3144605e-02,      -5.7759887e-03,       2.3610076e-02
       2.2630244e+00,       1.1026849e+00,       5.7254060e-03,       4.9724558e-03,       1.9159076e-02,       1.4085743e-02,       1.2886487e-02,      -5.5449561e-03,       2.3065653e-02
       2.2819024e+00,       1.1044972e+00,       5.6084088e-03,       4.8127895e-03,       1.8675465e-02,       1.3733242e-02,       1.2668192e-02,      -5.3127462e-03,       2.2538449e-02
       2.3005685e+00,       1.1061626e+00,       5.4832226e-03,       4.6686950e-03,       1.8202259e-02,       1.3384071e-02,       1.2463854e-02,      -5.0882383e-03,       2.2025092e-02
       2.3190178e+00,       1.1076360e+00,       5.3533899e-03,       4.5692966e-03,       1.7749514e-02,       1.3047544e-02,       1.2247305e-02,      -4.8646961e-03,       2.1522182e-02
       2.3372460e+00,       1.1089308e+00,       5.2255959e-03,       4.4959091e-03,       1.7319632e-02,       1.2724764e-02,       1.2027723e-02,      -4.6355750e-03,       2.1036060e-02
       2.3552487e+00,       1.1100792e+00,       5.0955768e-03,       4.4412658e-03,       1.6889266e-02,       1.2413732e-02,       1.1814829e-02,      -4.4044132e-03,       2.0558913e-02
       2.3730220e+00,       1.1110632e+00,       4.9616977e-03,       4.3771301e-03,       1.6467069e-02,       1.2108757e-02,       1.1619082e-02,      -4.1748737e-03,       2.0097454e-02
       2.3905624e+00,       1.1118788e+00,       4.8259451e-03,       4.2832834e-03,       1.6067766e-02,       1.1807751e-02,       1.1437508e-02,      -3.9467968e-03,       1.9656512e-02
       2.4078666e+00,       1.1125071e+00,       4.6866352e-03,       4.1956070e-03,       1.5700989e-02,       1.1514687e-02,       1.1268471e-02,      -3.7240462e-03,       1.9242074e-02
       2.4249315e+00,       1.1129688e+00,       4.5401948e-03,       4.1164707e-03,       1.5362114e-02,       1.1231134e-02,       1.1108369e-02,      -3.5066278e-03,       1.8850809e-02
       2.4417545e+00,       1.1133002e+00,       4.3877886e-03,       4.0303397e-03,       1.5044870e-02,       1.0955916e-02,       1.0957951e-02,      -3.2928716e-03,       1.8479369e-02
       2.4583331e+00,       1.1134965e+00,       4.2328931e-03,       3.9373372e-03,       1.4741444e-02,       1.0688364e-02,       1.0819272e-02,      -3.0809680e-03,       1.8124540e-02
       2.4746654e+00,       1.1135235e+00,       4.0774716e-03,       3.8714619e-03,       1.4455583e-02,       1.0430064e-02,       1.0686020e-02,      -2.8706582e-03,       1.7785833e-02
       2.4907493e+00,       1.1133999e+00,       3.9241886e-03,       3.8266758e-03,       1.4172542e-02,       1.0187670e-02,       1.0557172e-02,      -2.6611420e-03,       1.7458692e-02
       2.5065834e+00,       1.1131535e+00,       3.7752872e-03,       3.7691322e-03,       1.3883812e-02,       9.9587832e-03,       1.0433301e-02,      -2.4511007e-03,       1.7137948e-02
       2.5221664e+00,       1.1127726e+00,       3.6275466e-03,       3.6865342e-03,       1.3600404e-02,       9.7339492e-03,       1.0311244e-02,      -2.2436483e-03,       1.6822799e-02
       2.5374972e+00,       1.1122261e+00,       3.4758726e-03,       3.5968120e-03,       1.3341544e-02,       9.5073746e-03,       1.0190626e-02,      -2.0414591e-03,       1.6519772e-02
       2.5525752e+00,       1.1114898e+00,       3.3205657e-03,       3.5315068e-03,       1.3111011e-02,       9.2803509e-03,       1.0079804e-02,      -1.8445154e-03,       1.6235583e-02
       2.5673998e+00,       1.1105572e+00,       3.1636246e-03,       3.4807612e-03,       1.2910058e-02,       9.0546293e-03,       9.9803405e-03,      -1.6531203e-03,       1.5972514e-02
       2.5819707e+00,       1.1094444e+00,       3.0055101e-03,       3.4270083e-03,       1.2727692e-02,       8.8326562e-03,       9.8915511e-03,      -1.4663538e-03,       1.5725950e-02
       2.5962880e+00,       1.1081595e+00,       2.8475667e-03,       3.3663273e-03,       1.2556641e-02,       8.6157699e-03,       9.8183952e-03,      -1.2846302e-03,       1.5495403e-02
       2.6103518e+00,       1.1067006e+00,       2.6912547e-03,       3.3250313e-03,       1.2394899e-02,       8.4058637e-03,       9.7621097e-03,      -1.1071016e-03,       1.5281436e-02
       2.6241626e+00,       1.1050662e+00,       2.5355212e-03,       3.3080943e-03,       1.2252241e-02,       8.2035787e-03,       9.7261512e-03,      -9.3471507e-04,       1.5090985e-02
       2.6377210e+00,       1.1032622e+00,       2.3766980e-03,       3.2956443e-03,       1.2133367e-02,       8.0083333e-03,       9.7102123e-03,      -7.7005362e-04,       1.4925956e-02
       2.6510278e+00,       1.1013062e+00,       2.2147522e-03,       3.2955508e-03,       1.2036601e-02,       7.8192017e-03,       9.7039209e-03,      -6.1319129e-04,       1.4779862e-02
       2.6640841e+00,       1.0992245e+00,       2.0523555e-03,       3.3159767e-03,       1.1950521e-02,       7.6378066e-03,       9.7019888e-03,      -4.6017175e-04,       1.4645158e-02
       2.6768911e+00,       1.0970291e+00,       1.8886425e-03,       3.3421576e-03,       1.1878036e-02,       7.4638875e-03,       9.7101054e-03,      -3.1229177e-04,       1.4526014e-02
       2.6894502e+00,       1.0947230e+00,       1.7229353e-03,       3.3676211e-03,       1.1817401e-02,       7.2967098e-03,       9.7285048e-03,      -1.7118193e-04,       1.4421308e-02
       2.7017629e+00,       1.0923058e+00,       1.5570124e-03,       3.3937965e-03,       1.1766648e-02,       7.1346258e-03,       9.7550735e-03,      -3.5958434e-05,       1.4328174e-02
       2.7138310e+00,       1.0897813e+00,       1.3921913e-03,       3.4151938e-03,       1.1725034e-02,       6.9767378e-03,       9.7868725e-03,       9.3924602e-05,       1.4244322e-02
       2.7256564e+00,       1.0871461e+00,       1.2288456e-03,       3.4321073e-03,       1.1695254e-02,       6.8214622e-03,       9.8214072e-03,       2.1830299e-04,       1.4169062e-02
       2.7372410e+00,       1.0843953e+00,       1.0675201e-03,       3.4449328e-03,       1.1677947e-02,       6.6678708e-03,       9.8605998e-03,       3.3859993e-04,       1.4103209e-02
       2.7485871e+00,       1.0815335e+00,       9.0745062e-04,       3.4579759e-03,       1.1677463e-02,       6.5137937e-03,       9.9080511e-03,       4.5531431e-04,       1.4049654e-02
       2.7596968e+00,       1.0785688e+00,       7.4746335e-04,       3.4743605e-03,       1.1690257e-02,       6.3580332e-03,       9.9609957e-03,       5.6740448e-04,       1.4004643e-02
       2.7705727e+00,       1.0755078e+00,       5.8762188e-04,       3.4819093e-03,       1.1714737e-02,       6.2002688e-03,       1.0017384e-02,       6.7397680e-04,       1.3966195e-02
       2.7812171e+00,       1.0723489e+00,       4.2877408e-04,       3.4591834e-03,       1.1753595e-02,       6.0413998e-03,       1.0076767e-02,       7.7543527e-04,       1.3935881e-02
       2.7916328e+00,       1.0690828e+00,       2.7082114e-04,       3.3972311e-03,       1.1811983e-02,       5.8820903e-03,       1.0140922e-02,       8.7208261e-04,       1.3917498e-02
       2.8018223e+00,       1.0657065e+00,       1.1274710e-04,       3.3015417e-03,       1.1885101e-02,       5.7235806e-03,       1.0212200e-02,       9.6336885e-04,       1.3910441e-02
       2.8117885e+00,       1.0622238e+00,      -4.6073397e-05,       3.1878219e-03,       1.1966739e-02,       5.5662607e-03,       1.0292969e-02,       1.0480863e-03,       1.3912984e-02
       2.8215343e+00,       1.0586312e+00,      -2.0543547e-04,       3.0736964e-03,       1.2055861e-02,       5.4097765e-03,       1.0380225e-02,       1.1263190e-03,       1.3922931e-02
       2.8310626e+00,       1.0549159e+00,      -3.6490194e-04,       2.9691326e-03,       1.2155290e-02,       5.2527614e-03,       1.0468329e-02,       1.1990638e-03,       1.3938190e-02
       2.8403764e+00,       1.0510608e+00,      -5.2397635e-04,       2.8740778e-03,       1.2266720e-02,       5.0940820e-03,       1.0553710e-02,       1.2667600e-03,       1.3957256e-02
       2.8494786e+00,       1.0470533e+00,      -6.8130458e-04,       2.7885305e-03,       1.2394415e-02,       4.9318810e-03,       1.0636248e-02,       1.3303949e-03,       1.3981272e-02
       2.8583726e+00,       1.0428820e+00,      -8.3612416e-04,       2.7129343e-03,       1.2539402e-02,       4.7657448e-03,       1.0713528e-02,       1.3900535e-03,       1.4009337e-02
       2.8670613e+00,       1.0385231e+00,      -9.8783730e-04,       2.6471345e-03,       1.2701093e-02,       4.5956169e-03,       1.0782745e-02,       1.4456497e-03,       1.4039728e-02
       2.8755480e+00,       1.0339379e+00,      -1.1354966e-03,       2.5919007e-03,       1.2880651e-02,       4.4213288e-03,       1.0843306e-02,       1.4980266e-03,       1.4072643e-02
       2.8838360e+00,       1.0290865e+00,      -1.2782630e-03,       2.5484661e-03,       1.3084747e-02,       4.2420506e-03,       1.0895849e-02,       1.5482079e-03,       1.4111323e-02
       2.8919284e+00,       1.0239258e+00,      -1.4158629e-03,       2.5145966e-03,       1.3319953e-02,       4.0572556e-03,       1.0942474e-02,       1.5962448e-03,       1.4159841e-02
       2.8998285e+00,       1.0183965e+00,      -1.5476603e-03,       2.4820513e-03,       1.3593925e-02,       3.8659666e-03,       1.0984588e-02,       1.6421632e-03,       1.4222240e-02
       2.9075397e+00,       1.0124168e+00,      -1.6726006e-03,       2.4439258e-03,       1.3909312e-02,       3.6681860e-03,       1.1019331e-02,       1.6861099e-03,       1.4298415e-02
       2.9150653e+00,       1.0058813e+00,      -1.7889780e-03,       2.3966304e-03,       1.4274686e-02,       3.4637379e-03,       1.1043427e-02,       1.7285694e-03,       1.4390925e-02
       2.9224085e+00,       9.9865686e-01,      -1.8947293e-03,       2.3405567e-03,       1.4701834e-02,       3.2524940e-03,       1.1054595e-02,       1.7704918e-03,       1.4504461e-02
       2.9295726e+00,       9.9058929e-01,      -1.9875877e-03,       2.2788676e-03,       1.5204908e-02,       3.0344161e-03,       1.1049388e-02,       1.8127116e-03,       1.4644356e-02
       2.9365611e+00,       9.8150166e-01,      -2.0653086e-03,       2.2141721e-03,       1.5793247e-02,       2.8103881e-03,       1.1022607e-02,       1.8554064e-03,       1.4813121e-02
       2.9433772e+00,       9.7118033e-01,      -2.1256002e-03,       2.1501979e-03,       1.6474212e-02,       2.5813582e-03,       1.0966582e-02,       1.8982920e-03,       1.5011076e-02
       2.9500242e+00,       9.5935581e-01,      -2.1666750e-03,       2.0898445e-03,       1.7253684e-02,       2.3490771e-03,       1.0874361e-02,       1.9397544e-03,       1.5238561e-02
       2.9565054e+00,       9.4568653e-01,      -2.1866401e-03,       2.0314990e-03,       1.8138762e-02,       2.1152810e-03,       1.0739149e-02,       1.9774951e-03,       1.5496596e-02
       2.9628241e+00,       9.2973362e-01,      -2.1833120e-03,       1.9678358e-03,       1.9129815e-02,       1.8816478e-03,       1.0552130e-02,       2.0084976e-03,       1.5781797e-02
       2.9689835e+00,       9.1093682e-01,      -2.1540146e-03,       1.8894418e-03,       2.0219650e-02,       1.6497321e-03,       1.0303119e-02,       2.0286375e-03,       1.6086251e-02
       2.9749869e+00,       8.8858970e-01,      -2.0958839e-03,       1.7903311e-03,       2.1384748e-02,       1.4217909e-03,       9.9809593e-03,       2.0324307e-03,       1.6393749e-02
       2.9808375e+00,       8.6180814e-01,      -2.0064048e-03,       1.6707531e-03,       2.2578265e-02,       1.2004350e-03,       9.5720309e-03,       2.0122800e-03,       1.6675366e-02
       2.9865386e+00,       8.2950371e-01,      -1.8839106e-03,       1.5355514e-03,       2.3709513e-02,       9.8877370e-04,       9.0624009e-03,       1.9582664e-03,       1.6880344e-02
       2.9920931e+00,       7.9037110e-01,      -1.7273999e-03,       1.3886859e-03,       2.4626920e-02,       7.9008247e-04,       8.4400181e-03,       1.8591343e-03,       1.6928510e-02
       2.9975044e+00,       7.4291765e-01,      -1.5374200e-03,       1.2318890e-03,       2.5094733e-02,       6.0782223e-04,       7.6979015e-03,       1.7039266e-03,       1.6700228e-02
       3.0027755e+00,       6.8557255e-01,      -1.3171598e-03,       1.0672002e-03,       2.4787353e-02,       4.4525776e-04,       6.8367794e-03,       1.4851606e-03,       1.6034695e-02
       3.0079094e+00,       6.1692045e-01,      -1.0736796e-03,       8.9973525e-04,       2.3314835e-02,       3.0548669e-04,       5.8652969e-03,       1.2043574e-03,       1.4742809e-02
       3.0129092e+00,       5.3608196e-01,      -8.1875406e-04,       7.3587968e-04,       2.0334769e-02,       1.9115512e-04,       4.8003619e-03,       8.7903359e-04,       1.2663143e-02
       3.0177779e+00,       4.4322542e-01,      -5.6871157e-04,       5.7977567e-04,       1.5797266e-02,       1.0409736e-04,       3.6668784e-03,       5.4834830e-04,       9.7841208e-03
       3.0225184e+00,       3.3996239e-01,      -3.4283767e-04,       4.3046716e-04,       1.0249933e-02,       4.5059232e-05,       2.5017521e-03,       2.6704343e-04,       6.3983721e-03
       3.0271337e+00,       2.2936061e-01,      -1.6127669e-04,       2.8437111e-04,       4.9374706e-03,       1.2591948e-05,       1.3753298e-03,       8.4504381e-05,       3.1626962e-03
       3.0316266e+00,       1.1508059e-01,      -4.2236304e-05,       1.4026363e-04,       1.2618139e-03,       1.2128481e-06,       4.3457516e-04,       1.0208436e-05,       8.4880097e-04
       3.0360000e+00,      -4.7064625e-07,      -2.7652053e-09,      -7.9978311e-09,       7.9206158e-10,       4.1799884e-08,       2.7264662e-09,      -5.4097476e-10,       2.2659206e-08