      -6.2910985e-18,      -1.4010266e-06,      -2.0385168e-07,       4.9859031e-08,       5.4260368e-09,       7.1074511e-08,       8.6149341e-09,      -2.7578034e-09,       4.2557741e-08
       5.1306625e-03,      -2.8212412e-02,      -9.1115655e-05,       1.0215882e-03,       3.6800547e-03,       2.2631854e-05,       4.3646849e-03,      -8.8991406e-06,       4.0336857e-03
       1.0401558e-02,      -4.7983176e-02,      -3.4999126e-04,       1.9741629e-03,       1.0247116e-02,       2.2611526e-04,       1.2240256e-02,      -7.6070655e-05,       1.1356744e-02
       1.5816011e-02,      -6.0767931e-02,      -7.5192363e-04,       2.7537283e-03,       1.6108032e-02,       7.3154124e-04,       1.9257584e-02,      -2.3559581e-04,       1.8048579e-02
       2.1377395e-02,      -6.8528662e-02,      -1.2702164e-03,       3.3627442e-03,       2.0513434e-02,       1.5242327e-03,       2.4511187e-02,      -4.7286775e-04,       2.3274427e-02
       2.7089130e-02,      -7.2872446e-02,      -1.8845192e-03,       3.8387716e-03,       2.3706050e-02,       2.5347584e-03,       2.8335776e-02,      -7.6072456e-04,       2.7288292e-02
       3.2954683e-02,      -7.4889949e-02,      -2.5832769e-03,       4.1913896e-03,       2.6006369e-02,       3.6915856e-03,       3.1121413e-02,      -1.0783142e-03,       3.0409683e-02
       3.8977569e-02,      -7.5301578e-02,      -3.3580598e-03,       4.4487044e-03,       2.7689558e-02,       4.9363369e-03,       3.3191605e-02,      -1.4098538e-03,       3.2908750e-02
       4.5161342e-02,      -7.4568939e-02,      -4.2021669e-03,       4.6498705e-03,       2.8956720e-02,       6.2244410e-03,       3.4758928e-02,      -1.7479740e-03,       3.4970045e-02
       5.1509600e-02,      -7.3000857e-02,      -5.1097657e-03,       4.8258352e-03,       2.9940220e-02,       7.5243288e-03,       3.5953373e-02,      -2.0897134e-03,       3.6708961e-02
       5.8025982e-02,      -7.0806819e-02,      -6.0733177e-03,       4.9901472e-03,       3.0726146e-02,       8.8125655e-03,       3.6863113e-02,      -2.4356774e-03,       3.8200912e-02
       6.4714163e-02,      -6.8128058e-02,      -7.0858072e-03,       5.1428048e-03,       3.1371245e-02,       1.0072222e-02,       3.7551542e-02,      -2.7885359e-03,       3.9497505e-02
       7.1577853e-02,      -6.5057074e-02,      -8.1438327e-03,       5.2794085e-03,       3.1923053e-02,       1.1292920e-02,       3.8067120e-02,      -3.1528110e-03,       4.0641546e-02
       7.8620797e-02,      -6.1670692e-02,      -9.2475265e-03,       5.4043206e-03,       3.2409725e-02,       1.2470496e-02,       3.8449685e-02,      -3.5324736e-03,       4.1664953e-02
       8.5846769e-02,      -5.8041471e-02,      -1.0397167e-02,       5.5179329e-03,       3.2862173e-02,       1.3602988e-02,       3.8733166e-02,      -3.9288084e-03,       4.2599164e-02
       9.3259571e-02,      -5.4234363e-02,      -1.1589589e-02,       5.6126077e-03,       3.3307316e-02,       1.4691271e-02,       3.8949350e-02,      -4.3380197e-03,       4.3473968e-02
       1.0086303e-01,      -5.0311080e-02,      -1.2818408e-02,       5.6662268e-03,       3.3758066e-02,       1.5737113e-02,       3.9112720e-02,      -4.7564166e-03,       4.4303950e-02
       1.0866099e-01,      -4.6315196e-02,      -1.4081746e-02,       5.6519915e-03,       3.4215581e-02,       1.6743334e-02,       3.9228491e-02,      -5.1829419e-03,       4.5093703e-02
       1.1665731e-01,      -4.2247666e-02,      -1.5383950e-02,       5.5576609e-03,       3.4691033e-02,       1.7714912e-02,       3.9300220e-02,      -5.6192692e-03,       4.5853082e-02
       1.2485588e-01,      -3.8115599e-02,      -1.6727744e-02,       5.3906287e-03,       3.5198441e-02,       1.8657468e-02,       3.9344783e-02,      -6.0686755e-03,       4.6600346e-02
       1.3326057e-01,      -3.3939046e-02,      -1.8116873e-02,       5.1662288e-03,       3.5761013e-02,       1.9572767e-02,       3.9388380e-02,      -6.5336696e-03,       4.7361080e-02
       1.4187529e-01,      -2.9719361e-02,      -1.9549174e-02,       4.9170648e-03,       3.6377939e-02,       2.0465162e-02,       3.9439178e-02,      -7.0110595e-03,       4.8141139e-02
       1.5070392e-01,      -2.5439307e-02,      -2.1014022e-02,       4.6852642e-03,       3.7035120e-02,       2.1340633e-02,       3.9474312e-02,      -7.4992715e-03,       4.8925033e-02
       1.5975036e-01,      -2.1102760e-02,      -2.2503491e-02,       4.4691641e-03,       3.7706753e-02,       2.2200259e-02,       3.9492450e-02,      -8.0011210e-03,       4.9699731e-02
       1.6901847e-01,      -1.6709636e-02,      -2.4016906e-02,       4.2373439e-03,       3.8378641e-02,       2.3041844e-02,       3.9506262e-02,      -8.5172688e-03,       5.0463374e-02
       1.7851213e-01,      -1.2238836e-02,      -2.5552979e-02,       4.0033931e-03,       3.9050808e-02,       2.3866046e-02,       3.9519568e-02,      -9.0455753e-03,       5.1218211e-02
       1.8823517e-01,      -7.6408469e-03,      -2.7111726e-02,       3.7527931e-03,       3.9742935e-02,       2.4670386e-02,       3.9521179e-02,      -9.5839825e-03,       5.1967250e-02
       1.9819142e-01,      -2.8740587e-03,      -2.8690724e-02,       3.4222357e-03,       4.0482871e-02,       2.5456280e-02,       3.9531305e-02,      -1.0132131e-02,       5.2735228e-02
       2.0838466e-01,       2.0561454e-03,      -3.0290485e-02,       3.0413524e-03,       4.1285372e-02,       2.6227755e-02,       3.9578948e-02,      -1.0688272e-02,       5.3546038e-02
       2.1881863e-01,       7.1221782e-03,      -3.1916534e-02,       2.6926656e-03,       4.2137094e-02,       2.6985583e-02,       3.9681422e-02,      -1.1246404e-02,       5.4402049e-02
       2.2949703e-01,       1.2334988e-02,      -3.3569265e-02,       2.3845927e-03,       4.3012409e-02,       2.7728683e-02,       3.9811857e-02,      -1.1800333e-02,       5.5276474e-02
       2.4042351e-01,       1.7767962e-02,      -3.5235489e-02,       2.0658926e-03,       4.3922204e-02,       2.8461855e-02,       3.9987141e-02,      -1.2348993e-02,       5.6185600e-02
       2.5160165e-01,       2.3486459e-02,      -3.6905003e-02,       1.6695871e-03,       4.4857436e-02,       2.9184991e-02,       4.0222390e-02,      -1.2896126e-02,       5.7132408e-02
       2.6303498e-01,       2.9405304e-02,      -3.8579079e-02,       1.1467484e-03,       4.5813474e-02,       2.9897727e-02,       4.0483196e-02,      -1.3439630e-02,       5.8097199e-02
       2.7472693e-01,       3.5455891e-02,      -4.0251951e-02,       5.1912817e-04,       4.6793030e-02,       3.0606859e-02,       4.0720468e-02,      -1.3989116e-02,       5.9060178e-02
       2.8668086e-01,       4.1678736e-02,      -4.1910715e-02,      -1.1054261e-04,       4.7786690e-02,       3.1316038e-02,       4.0943104e-02,      -1.4564602e-02,       6.0022916e-02
       2.9890004e-01,       4.8105948e-02,      -4.3544171e-02,      -6.3497932e-04,       4.8786783e-02,       3.2027919e-02,       4.1168916e-02,      -1.5172295e-02,       6.0991809e-02
       3.1138764e-01,       5.4717429e-02,      -4.5137943e-02,      -1.0219612e-03,       4.9740119e-02,       3.2750550e-02,       4.1404386e-02,      -1.5803057e-02,       6.1947527e-02
       3.2414670e-01,       6.1619157e-02,      -4.6662246e-02,      -1.3076628e-03,       5.0659370e-02,       3.3474936e-02,       4.1652209e-02,      -1.6438567e-02,       6.2893258e-02
       3.3718018e-01,       6.8830680e-02,      -4.8127112e-02,      -1.5641097e-03,       5.1581627e-02,       3.4186668e-02,       4.1953325e-02,      -1.7071506e-02,       6.3860810e-02
       3.5049087e-01,       7.6300672e-02,      -4.9583830e-02,      -1.8366033e-03,       5.2537418e-02,       3.4877953e-02,       4.2316130e-02,      -1.7714833e-02,       6.4865751e-02
       3.6408145e-01,       8.3986314e-02,      -5.1062447e-02,      -2.1478294e-03,       5.3586793e-02,       3.5544745e-02,       4.2754590e-02,      -1.8385270e-02,       6.5943064e-02
       3.7795444e-01,       9.1849317e-02,      -5.2543585e-02,      -2.4906511e-03,       5.4704059e-02,       3.6176725e-02,       4.3241739e-02,      -1.9079782e-02,       6.7061262e-02
       3.9211221e-01,       9.9830771e-02,      -5.4012937e-02,      -2.8254836e-03,       5.5882721e-02,       3.6765836e-02,       4.3720393e-02,      -1.9765506e-02,       6.8184475e-02
       4.0655696e-01,       1.0802915e-01,      -5.5502828e-02,      -3.1397110e-03,       5.7137308e-02,       3.7312520e-02,       4.4136464e-02,      -2.0431902e-02,       6.9293146e-02
       4.2129072e-01,       1.1662891e-01,      -5.7046756e-02,      -3.4133596e-03,       5.8435425e-02,       3.7830326e-02,       4.4523599e-02,      -2.1087011e-02,       7.0394675e-02
       4.3631531e-01,       1.2572910e-01,      -5.8682639e-02,      -3.5484491e-03,       5.9763071e-02,       3.8341672e-02,       4.4863997e-02,      -2.1727646e-02,       7.1484370e-02
       4.5163237e-01,       1.3532433e-01,      -6.0418923e-02,      -3.5434635e-03,       6.1142394e-02,       3.8843341e-02,       4.5210746e-02,      -2.2340114e-02,       7.2598241e-02
       4.6724335e-01,       1.4534604e-01,      -6.2204393e-02,      -3.5920088e-03,       6.2572938e-02,       3.9307612e-02,       4.5567604e-02,      -2.2918481e-02,       7.3724077e-02
       4.8314944e-01,       1.5559959e-01,      -6.3972562e-02,      -3.7409408e-03,       6.4025814e-02,       3.9722875e-02,       4.5896673e-02,      -2.3489626e-02,       7.4822681e-02
       4.9935164e-01,       1.6599262e-01,      -6.5712714e-02,      -3.8734276e-03,       6.5506687e-02,       4.0095220e-02,       4.6114790e-02,      -2.4087207e-02,       7.5858349e-02
       5.1585069e-01,       1.7671144e-01,      -6.7444043e-02,      -3.9294445e-03,       6.7049765e-02,       4.0446153e-02,       4.6380093e-02,      -2.4708358e-02,       7.6938005e-02
       5.3264710e-01,       1.8793833e-01,      -6.9187608e-02,      -3.9472924e-03,       6.8564301e-02,       4.0808840e-02,       4.6673078e-02,      -2.5332352e-02,       7.8023109e-02
       5.4974109e-01,       1.9983700e-01,      -7.0955284e-02,      -4.0090203e-03,       6.9939534e-02,       4.1159379e-02,       4.6926980e-02,      -2.5893709e-02,       7.9012947e-02
       5.6713265e-01,       2.1241979e-01,      -7.2742856e-02,      -4.1074156e-03,       7.1258416e-02,       4.1443725e-02,       4.7167155e-02,      -2.6358420e-02,       7.9934648e-02
       5.8482146e-01,       2.2553601e-01,      -7.4532759e-02,      -4.1561814e-03,       7.2537106e-02,       4.1664039e-02,       4.7408899e-02,      -2.6781275e-02,       8.0805022e-02
       6.0280695e-01,       2.3906468e-01,      -7.6259778e-02,      -4.1865480e-03,       7.3820061e-02,       4.1824395e-02,       4.7694931e-02,      -2.7174905e-02,       8.1669694e-02
       6.2108821e-01,       2.5309229e-01,      -7.7964537e-02,      -4.0637880e-03,       7.5067568e-02,       4.1953723e-02,       4.8067740e-02,      -2.7528290e-02,       8.2544515e-02
       6.3966407e-01,       2.6761980e-01,      -7.9650311e-02,      -3.7565608e-03,       7.6226076e-02,       4.2105969e-02,       4.8472214e-02,      -2.7859539e-02,       8.3402129e-02
       6.5853302e-01,       2.8268249e-01,      -8.1313743e-02,      -3.3899808e-03,       7.7336142e-02,       4.2281603e-02,       4.8882366e-02,      -2.8185902e-02,       8.4250055e-02
       6.7769324e-01,       2.9820772e-01,      -8.2987234e-02,      -3.0900046e-03,       7.8399603e-02,       4.2429742e-02,       4.9336613e-02,      -2.8514732e-02,       8.5082979e-02
       6.9714259e-01,       3.1410518e-01,      -8.4630972e-02,      -2.9395379e-03,       7.9272931e-02,       4.2543291e-02,       4.9631465e-02,      -2.8814421e-02,       8.5723843e-02
       7.1687858e-01,       3.3033260e-01,      -8.6236332e-02,      -2.9592942e-03,       8.0077582e-02,       4.2586115e-02,       4.9836680e-02,      -2.9054635e-02,       8.6250189e-02
       7.3689839e-01,       3.4676640e-01,      -8.7756197e-02,      -3.0043626e-03,       8.0835559e-02,       4.2532189e-02,       5.0101031e-02,      -2.9211414e-02,       8.6734389e-02
       7.5719887e-01,       3.6338076e-01,      -8.9148943e-02,      -3.1105192e-03,       8.1521699e-02,       4.2448202e-02,       5.0409520e-02,      -2.9336825e-02,       8.7189711e-02
       7.7777649e-01,       3.8023989e-01,      -9.0393338e-02,      -3.3814635e-03,       8.2106001e-02,       4.2337349e-02,       5.0722685e-02,      -2.9434662e-02,       8.7583017e-02
       7.9862740e-01,       3.9746031e-01,      -9.1430607e-02,      -3.7055530e-03,       8.2668094e-02,       4.2191649e-02,       5.0955838e-02,      -2.9504111e-02,       8.7907791e-02
       8.1974737e-01,       4.1498662e-01,      -9.2229731e-02,      -3.8637508e-03,       8.3000830e-02,       4.1992499e-02,       5.0803406e-02,      -2.9509964e-02,       8.7898368e-02
       8.4113182e-01,       4.3271287e-01,      -9.2954652e-02,      -3.7647623e-03,       8.3132391e-02,       4.1706467e-02,       5.0537635e-02,      -2.9461438e-02,       8.7688246e-02
       8.6277582e-01,       4.5060469e-01,      -9.3580975e-02,      -3.5849554e-03,       8.3097015e-02,       4.1408455e-02,       5.0251341e-02,      -2.9365554e-02,       8.7378405e-02
       8.8467406e-01,       4.6868447e-01,      -9.4082307e-02,      -3.2526486e-03,       8.3044291e-02,       4.1135352e-02,       4.9866815e-02,      -2.9231072e-02,       8.7023229e-02
       9.0682089e-01,       4.8695709e-01,      -9.4487695e-02,      -2.8378051e-03,       8.3010061e-02,       4.0770873e-02,       4.9406812e-02,      -2.9022511e-02,       8.6593873e-02
       9.2921028e-01,       5.0538890e-01,      -9.4812231e-02,      -2.8031319e-03,       8.2938118e-02,       4.0282889e-02,       4.8924966e-02,      -2.8785227e-02,       8.6072987e-02
       9.5183587e-01,       5.2403361e-01,      -9.5085450e-02,      -3.2192580e-03,       8.2451154e-02,       3.9698628e-02,       4.8089704e-02,      -2.8464836e-02,       8.5119743e-02
       9.7469093e-01,       5.4287559e-01,      -9.5328360e-02,      -3.6500879e-03,       8.1971593e-02,       3.9068260e-02,       4.7135324e-02,      -2.8099574e-02,       8.4087588e-02
       9.9776837e-01,       5.6182446e-01,      -9.5473470e-02,      -3.8206344e-03,       8.1460852e-02,       3.8443284e-02,       4.6253698e-02,      -2.7668387e-02,       8.3078917e-02
       1.0210608e+00,       5.8085498e-01,      -9.5466790e-02,      -4.0197293e-03,       8.0687091e-02,       3.7835877e-02,       4.5472138e-02,      -2.7151730e-02,       8.1997553e-02
       1.0445604e+00,       5.9990185e-01,      -9.5305397e-02,      -4.3620909e-03,       7.9641022e-02,       3.7160276e-02,       4.4736744e-02,      -2.6566529e-02,       8.0769021e-02
       1.0682592e+00,       6.1872045e-01,      -9.4996157e-02,      -4.5924158e-03,       7.8362553e-02,       3.6400792e-02,       4.3923759e-02,      -2.5923073e-02,       7.9343552e-02
       1.0921487e+00,       6.3738185e-01,      -9.4540616e-02,      -4.7649892e-03,       7.6621636e-02,       3.5569322e-02,       4.2751890e-02,      -2.5245478e-02,       7.7471424e-02
       1.1162202e+00,       6.5574702e-01,      -9.3941858e-02,      -4.8550194e-03,       7.4825537e-02,       3.4673334e-02,       4.1521393e-02,      -2.4521536e-02,       7.5510132e-02
       1.1404647e+00,       6.7371875e-01,      -9.3177101e-02,      -4.7811670e-03,       7.2891144e-02,       3.3785044e-02,       4.0216420e-02,      -2.3752796e-02,       7.3446304e-02
       1.1648729e+00,       6.9142288e-01,      -9.2271432e-02,      -4.5654038e-03,       7.0781254e-02,       3.2977920e-02,       3.8938245e-02,      -2.2975324e-02,       7.1348709e-02
       1.1894352e+00,       7.0874241e-01,      -9.1269286e-02,      -4.3255868e-03,       6.8598212e-02,       3.2161003e-02,       3.7823770e-02,      -2.2175332e-02,       6.9291493e-02
       1.2141417e+00,       7.2558145e-01,      -9.0164941e-02,      -4.1196994e-03,       6.6352956e-02,       3.1246224e-02,       3.6784416e-02,      -2.1298053e-02,       6.7191798e-02
       1.2389825e+00,       7.4184340e-01,      -8.8960987e-02,      -3.8409405e-03,       6.3900309e-02,       3.0280593e-02,       3.5658367e-02,      -2.0381717e-02,       6.4919634e-02
       1.2639470e+00,       7.5757322e-01,      -8.7676015e-02,      -3.3585388e-03,       6.1574918e-02,       2.9343613e-02,       3.4621138e-02,      -1.9461273e-02,       6.2769835e-02
       1.2890249e+00,       7.7281163e-01,      -8.6286522e-02,      -2.8843663e-03,       5.9190217e-02,       2.8473210e-02,       3.3544552e-02,      -1.8541056e-02,       6.0603990e-02
       1.3142053e+00,       7.8755904e-01,      -8.4821112e-02,      -2.4253727e-03,       5.6843569e-02,       2.7682963e-02,       3.2389082e-02,      -1.7635808e-02,       5.8457807e-02
       1.3394773e+00,       8.0165771e-01,      -8.3321111e-02,      -1.8249478e-03,       5.4612378e-02,       2.6900367e-02,       3.1269650e-02,      -1.6788444e-02,       5.6391197e-02
       1.3648299e+00,       8.1494081e-01,      -8.1794494e-02,      -1.1802916e-03,       5.2513660e-02,       2.6115117e-02,       3.0200374e-02,      -1.5982330e-02,       5.4414576e-02
       1.3902518e+00,       8.2767898e-01,      -8.0256665e-02,      -5.5787419e-04,       5.0346110e-02,       2.5328010e-02,       2.8936364e-02,      -1.5203404e-02,       5.2305242e-02
       1.4157316e+00,       8.3985626e-01,      -7.8686554e-02,       5.2099170e-05,       4.8295151e-02,       2.4558475e-02,       2.7757675e-02,      -1.4423560e-02,       5.0305650e-02
       1.4412579e+00,       8.5128265e-01,      -7.7132882e-02,       5.6576132e-04,       4.6387814e-02,       2.3774933e-02,       2.6673527e-02,      -1.3666003e-02,       4.8418137e-02
       1.4668192e+00,       8.6207866e-01,      -7.5643248e-02,       1.0805253e-03,       4.4576973e-02,       2.3015516e-02,       2.5624951e-02,      -1.2950116e-02,       4.6608720e-02
       1.4924037e+00,       8.7239274e-01,      -7.4208731e-02,       1.6840102e-03,       4.2845734e-02,       2.2298976e-02,       2.4675000e-02,      -1.2290870e-02,       4.4909855e-02
       1.5180000e+00,       8.8207985e-01,      -7.2798206e-02,       2.3308160e-03,       4.1302293e-02,       2.1614531e-02,       2.3833499e-02,      -1.1697234e-02,       4.3375161e-02
       1.5435963e+00,       8.9117968e-01,      -7.1387939e-02,       2.9343300e-03,       3.9720693e-02,       2.0973321e-02,       2.2959913e-02,      -1.1151986e-02,       4.1826964e-02
       1.5691808e+00,       8.9987699e-01,      -6.9960802e-02,       3.4291999e-03,       3.8162293e-02,       2.0396910e-02,       2.2185941e-02,      -1.0631363e-02,       4.0372572e-02
       1.5947421e+00,       9.0826878e-01,      -6.8541139e-02,       3.8498725e-03,       3.6613586e-02,       1.9881495e-02,       2.1460806e-02,      -1.0152442e-02,       3.8977943e-02
       1.6202684e+00,       9.1631408e-01,      -6.7136407e-02,       4.2091754e-03,       3.5135142e-02,       1.9401759e-02,       2.0805625e-02,      -9.7131028e-03,       3.7671263e-02
       1.6457482e+00,       9.2385095e-01,      -6.5759753e-02,       4.4706658e-03,       3.3802756e-02,       1.8926529e-02,       2.0230216e-02,      -9.3011917e-03,       3.6479750e-02
       1.6711701e+00,       9.3080084e-01,      -6.4441201e-02,       4.6962640e-03,       3.2669110e-02,       1.8452505e-02,       1.9656015e-02,      -8.9252628e-03,       3.5388815e-02
       1.6965227e+00,       9.3730368e-01,      -6.3157811e-02,       4.8161964e-03,       3.1633345e-02,       1.7986400e-02,       1.8984842e-02,      -8.5638556e-03,       3.4302294e-02
       1.7217947e+00,       9.4342509e-01,      -6.1902962e-02,       4.8452325e-03,       3.0692538e-02,       1.7536310e-02,       1.8331860e-02,      -8.2382543e-03,       3.3280354e-02
       1.7469751e+00,       9.4931615e-01,      -6.0647417e-02,       4.9085286e-03,       2.9775621e-02,       1.7123636e-02,       1.7684676e-02,      -7.9418389e-03,       3.2291966e-02
       1.7720530e+00,       9.5490698e-01,      -5.9391052e-02,       5.0079846e-03,       2.8934008e-02,       1.6740732e-02,       1.7066156e-02,      -7.6644611e-03,       3.1370448e-02
       1.7970175e+00,       9.6021372e-01,      -5.8152867e-02,       5.1440685e-03,       2.8187535e-02,       1.6355043e-02,       1.6523514e-02,      -7.3985683e-03,       3.0533045e-02
       1.8218583e+00,       9.6536544e-01,      -5.6945425e-02,       5.2977072e-03,       2.7480519e-02,       1.5980846e-02,       1.6021826e-02,      -7.1520916e-03,       2.9741596e-02
       1.8465648e+00,       9.7021825e-01,      -5.5786693e-02,       5.4002542e-03,       2.6814245e-02,       1.5607917e-02,       1.5561175e-02,      -6.9343734e-03,       2.8991669e-02
       1.8711271e+00,       9.7484164e-01,      -5.4663997e-02,       5.4908429e-03,       2.6170394e-02,       1.5250326e-02,       1.5130312e-02,      -6.7383568e-03,       2.8275516e-02
       1.8955353e+00,       9.7928764e-01,      -5.3578953e-02,       5.6664835e-03,       2.5575153e-02,       1.4918749e-02,       1.4721323e-02,      -6.5657016e-03,       2.7607612e-02
       1.9197798e+00,       9.8365849e-01,      -5.2526125e-02,       5.8130561e-03,       2.5016663e-02,       1.4608789e-02,       1.4350019e-02,      -6.4013551e-03,       2.6987735e-02
       1.9438513e+00,       9.8794974e-01,      -5.1483137e-02,       5.7860580e-03,       2.4486458e-02,       1.4303048e-02,       1.4004062e-02,      -6.2289994e-03,       2.6396784e-02
       1.9677408e+00,       9.9199996e-01,      -5.0442924e-02,       5.6704404e-03,       2.3984624e-02,       1.3996590e-02,       1.3671846e-02,      -6.0429641e-03,       2.5826530e-02
       1.9914396e+00,       9.9570600e-01,      -4.9427940e-02,       5.4572351e-03,       2.3508055e-02,       1.3693971e-02,       1.3361976e-02,      -5.8659573e-03,       2.5282001e-02
       2.0149392e+00,       9.9908042e-01,      -4.8427070e-02,       5.2573690e-03,       2.3055201e-02,       1.3407761e-02,       1.3087764e-02,      -5.6975138e-03,       2.4775363e-02
       2.0382316e+00,       1.0022073e+00,      -4.7427788e-02,       5.1528595e-03,       2.2593645e-02,       1.3142620e-02,       1.2837954e-02,      -5.5283258e-03,       2.4287110e-02
       2.0613091e+00,       1.0052623e+00,      -4.6430171e-02,       5.0883038e-03,       2.2104007e-02,       1.2905056e-02,       1.2583141e-02,      -5.3530782e-03,       2.3796102e-02
       2.0841641e+00,       1.0083245e+00,      -4.5439298e-02,       5.0125603e-03,       2.1610349e-02,       1.2682367e-02,       1.2330166e-02,      -5.1762256e-03,       2.3311441e-02
       2.1067897e+00,       1.0112879e+00,      -4.4458619e-02,       4.9495629e-03,       2.1121857e-02,       1.2455807e-02,       1.2070932e-02,      -5.0011260e-03,       2.2824298e-02
       2.1291791e+00,       1.0141185e+00,      -4.3493021e-02,       4.8469488e-03,       2.0669557e-02,       1.2220080e-02,       1.1816397e-02,      -4.8237483e-03,       2.2353017e-02
       2.1513259e+00,       1.0168731e+00,      -4.2543796e-02,       4.7624060e-03,       2.0219350e-02,       1.1982650e-02,       1.1573292e-02,      -4.6471612e-03,       2.1887646e-02
       2.1732242e+00,       1.0195057e+00,      -4.1610183e-02,       4.7618536e-03,       1.9763118e-02,       1.1755389e-02,       1.1338563e-02,      -4.4711777e-03,       2.1428535e-02
       2.1948682e+00,       1.0219943e+00,      -4.0687606e-02,       4.7905164e-03,       1.9294743e-02,       1.1542895e-02,       1.1116901e-02,      -4.2913219e-03,       2.0977269e-02
       2.2162526e+00,       1.0243282e+00,      -3.9774609e-02,       4.7715310e-03,       1.8835971e-02,       1.1330349e-02,       1.0926957e-02,      -4.1055623e-03,       2.0546638e-02
       2.2373726e+00,       1.0264670e+00,      -3.8872332e-02,       4.7137229e-03,       1.8385017e-02,       1.1110446e-02,       1.0747502e-02,      -3.9187368e-03,       2.0121482e-02
       2.2582235e+00,       1.0283778e+00,      -3.7978946e-02,       4.6518763e-03,       1.7975031e-02,       1.0888097e-02,       1.0561344e-02,      -3.7299607e-03,       1.9712236e-02
       2.2788011e+00,       1.0300605e+00,      -3.7091281e-02,       4.5715401e-03,       1.7595011e-02,       1.0667938e-02,       1.0374095e-02,      -3.5416343e-03,       1.9318522e-02
       2.2991016e+00,       1.0315237e+00,      -3.6209014e-02,       4.4115559e-03,       1.7230688e-02,       1.0449970e-02,       1.0202958e-02,      -3.3572924e-03,       1.8941808e-02
       2.3191214e+00,       1.0327937e+00,      -3.5338259e-02,       4.1998662e-03,       1.6882811e-02,       1.0228674e-02,       1.0056515e-02,      -3.1790790e-03,       1.8584000e-02
       2.3388574e+00,       1.0338889e+00,      -3.4483075e-02,       4.0199747e-03,       1.6546815e-02,       1.0001803e-02,       9.9122138e-03,      -3.0054881e-03,       1.8230416e-02
       2.3583068e+00,       1.0348015e+00,      -3.3638879e-02,       3.9207400e-03,       1.6199976e-02,       9.7763210e-03,       9.7615175e-03,      -2.8336049e-03,       1.7868907e-02
       2.3774670e+00,       1.0355358e+00,      -3.2802307e-02,       3.8833676e-03,       1.5849814e-02,       9.5602546e-03,       9.6136922e-03,      -2.6619637e-03,       1.7511881e-02
       2.3963359e+00,       1.0360848e+00,      -3.1976237e-02,       3.8627833e-03,       1.5493894e-02,       9.3528697e-03,       9.4719910e-03,      -2.4931685e-03,       1.7159377e-02
       2.4149118e+00,       1.0364753e+00,      -3.1161223e-02,       3.8416533e-03,       1.5153744e-02,       9.1498935e-03,       9.3539127e-03,      -2.3232880e-03,       1.6828775e-02
       2.4331931e+00,       1.0367133e+00,      -3.0359752e-02,       3.8148501e-03,       1.4839352e-02,       8.9482057e-03,       9.2581021e-03,      -2.1540386e-03,       1.6522830e-02
       2.4511785e+00,       1.0368122e+00,      -2.9574148e-02,       3.7773275e-03,       1.4541850e-02,       8.7463393e-03,       9.1770488e-03,      -1.9891353e-03,       1.6232619e-02
       2.4688674e+00,       1.0367859e+00,      -2.8805431e-02,       3.7337760e-03,       1.4263005e-02,       8.5461340e-03,       9.1094926e-03,      -1.8334240e-03,       1.5959316e-02
       2.4862589e+00,       1.0365977e+00,      -2.8052603e-02,       3.6734412e-03,       1.4025191e-02,       8.3506968e-03,       9.0720154e-03,      -1.6851233e-03,       1.5723951e-02
       2.5033529e+00,       1.0362614e+00,      -2.7312431e-02,       3.6085942e-03,       1.3809246e-02,       8.1610355e-03,       9.0482883e-03,      -1.5396966e-03,       1.5509285e-02
       2.5201493e+00,       1.0357631e+00,      -2.6581474e-02,       3.5720613e-03,       1.3613113e-02,       7.9785256e-03,       9.0364815e-03,      -1.3950556e-03,       1.5314060e-02
       2.5366484e+00,       1.0350711e+00,      -2.5859204e-02,       3.5858370e-03,       1.3438831e-02,       7.8022942e-03,       9.0345360e-03,      -1.2523036e-03,       1.5137831e-02
       2.5528506e+00,       1.0341751e+00,      -2.5146873e-02,       3.6500782e-03,       1.3288037e-02,       7.6296848e-03,       9.0423937e-03,      -1.1120859e-03,       1.4980058e-02
       2.5687567e+00,       1.0330927e+00,      -2.4443000e-02,       3.7228228e-03,       1.3152020e-02,       7.4590508e-03,       9.0650942e-03,      -9.7269201e-04,       1.4838082e-02
       2.5843676e+00,       1.0318242e+00,      -2.3746873e-02,       3.7665159e-03,       1.3027689e-02,       7.2879269e-03,       9.1037601e-03,      -8.3271410e-04,       1.4709688e-02
       2.5996847e+00,       1.0304123e+00,      -2.3059252e-02,       3.7806004e-03,       1.2908174e-02,       7.1170005e-03,       9.1452029e-03,      -6.9250504e-04,       1.4585189e-02
       2.6147093e+00,       1.0288971e+00,      -2.2379359e-02,       3.7643514e-03,       1.2805439e-02,       6.9493057e-03,       9.1926441e-03,      -5.5262023e-04,       1.4473694e-02
       2.6294430e+00,       1.0272607e+00,      -2.1707334e-02,       3.7143299e-03,       1.2728998e-02,       6.7865320e-03,       9.2460752e-03,      -4.1525470e-04,       1.4380803e-02
       2.6438878e+00,       1.0254538e+00,      -2.1043412e-02,       3.6467979e-03,       1.2682522e-02,       6.6281814e-03,       9.3010179e-03,      -2.8146503e-04,       1.4305861e-02
       2.6580456e+00,       1.0234602e+00,      -2.0387315e-02,       3.5791254e-03,       1.2662545e-02,       6.4736553e-03,       9.3571430e-03,      -1.5013424e-04,       1.4246672e-02
       2.6719185e+00,       1.0212739e+00,      -1.9737781e-02,       3.5022186e-03,       1.2663983e-02,       6.3241459e-03,       9.4208146e-03,      -1.9330021e-05,       1.4204472e-02
       2.6855091e+00,       1.0188884e+00,      -1.9092637e-02,       3.3886166e-03,       1.2684907e-02,       6.1785040e-03,       9.4915434e-03,       1.1250716e-04,       1.4177477e-02
       2.6988198e+00,       1.0162960e+00,      -1.8451807e-02,       3.2313954e-03,       1.2729293e-02,       6.0365010e-03,       9.5745263e-03,       2.4505746e-04,       1.4170160e-02
       2.7118533e+00,       1.0134860e+00,      -1.7816430e-02,       3.0553118e-03,       1.2803146e-02,       5.8977228e-03,       9.6776612e-03,       3.7708174e-04,       1.4189265e-02
       2.7246124e+00,       1.0104419e+00,      -1.7186960e-02,       2.8744923e-03,       1.2912309e-02,       5.7612509e-03,       9.8005346e-03,       5.0804037e-04,       1.4237047e-02
       2.7371000e+00,       1.0071566e+00,      -1.6563015e-02,       2.6933132e-03,       1.3052945e-02,       5.6271803e-03,       9.9359034e-03,       6.3899434e-04,       1.4308014e-02
       2.7493191e+00,       1.0036391e+00,      -1.5946399e-02,       2.5204856e-03,       1.3228854e-02,       5.4971678e-03,       1.0081734e-02,       7.6863002e-04,       1.4403878e-02
       2.7612731e+00,       9.9989452e-01,      -1.5337766e-02,       2.3419927e-03,       1.3442717e-02,       5.3714614e-03,       1.0234114e-02,       8.9620232e-04,       1.4524146e-02
       2.7729650e+00,       9.9589267e-01,      -1.4736339e-02,       2.1635897e-03,       1.3691581e-02,       5.2502460e-03,       1.0389636e-02,       1.0220346e-03,       1.4665732e-02
       2.7843983e+00,       9.9157737e-01,      -1.4138718e-02,       2.0028978e-03,       1.3970844e-02,       5.1328544e-03,       1.0543554e-02,       1.1485970e-03,       1.4823626e-02
       2.7955765e+00,       9.8688259e-01,      -1.3540447e-02,       1.8741002e-03,       1.4288523e-02,       5.0172373e-03,       1.0691411e-02,       1.2780358e-03,       1.4998585e-02
       2.8065030e+00,       9.8176189e-01,      -1.2939482e-02,       1.7889771e-03,       1.4655952e-02,       4.9029310e-03,       1.0827856e-02,       1.4098913e-03,       1.5193369e-02
       2.8171814e+00,       9.7618245e-01,      -1.2337507e-02,       1.7551427e-03,       1.5078734e-02,       4.7918347e-03,       1.0954069e-02,       1.5424392e-03,       1.5412319e-02
       2.8276153e+00,       9.7012597e-01,      -1.1735009e-02,       1.7676680e-03,       1.5560473e-02,       4.6838118e-03,       1.1071491e-02,       1.6757385e-03,       1.5657888e-02
       2.8378086e+00,       9.6354126e-01,      -1.1130266e-02,       1.8015221e-03,       1.6108532e-02,       4.5780878e-03,       1.1176944e-02,       1.8108364e-03,       1.5931782e-02
       2.8477648e+00,       9.5637650e-01,      -1.0523135e-02,       1.8236701e-03,       1.6735124e-02,       4.4736662e-03,       1.1264842e-02,       1.9478158e-03,       1.6236816e-02
       2.8574879e+00,       9.4858020e-01,      -9.9141247e-03,       1.8153078e-03,       1.7451788e-02,       4.3687840e-03,       1.1337118e-02,       2.0852842e-03,       1.6578845e-02
       2.8669815e+00,       9.4009767e-01,      -9.3030826e-03,       1.7887571e-03,       1.8256112e-02,       4.2620503e-03,       1.1397675e-02,       2.2222772e-03,       1.6957919e-02
       2.8762496e+00,       9.3087903e-01,      -8.6927929e-03,       1.7714343e-03,       1.9142342e-02,       4.1527066e-03,       1.1441895e-02,       2.3572547e-03,       1.7368471e-02
       2.8852961e+00,       9.2087410e-01,      -8.0855404e-03,       1.7735830e-03,       2.0100642e-02,       4.0392803e-03,       1.1462085e-02,       2.4894753e-03,       1.7801004e-02
       2.8941247e+00,       9.0998553e-01,      -7.4812921e-03,       1.7803511e-03,       2.1136567e-02,       3.9206260e-03,       1.1461981e-02,       2.6173952e-03,       1.8259587e-02
       2.9027394e+00,       8.9808552e-01,      -6.8811873e-03,       1.7842225e-03,       2.2257660e-02,       3.7955003e-03,       1.1445451e-02,       2.7383630e-03,       1.8749306e-02
       2.9111441e+00,       8.8502422e-01,      -6.2861558e-03,       1.7889696e-03,       2.3473749e-02,       3.6614941e-03,       1.1414410e-02,       2.8495524e-03,       1.9274826e-02
       2.9193427e+00,       8.7063910e-01,      -5.6950700e-03,       1.8007701e-03,       2.4784621e-02,       3.5175409e-03,       1.1363403e-02,       2.9506864e-03,       1.9832782e-02
       2.9273390e+00,       8.5474262e-01,      -5.1084904e-03,       1.8132127e-03,       2.6181758e-02,       3.3629352e-03,       1.1287126e-02,       3.0401035e-03,       2.0415910e-02
       2.9351370e+00,       8.3713555e-01,      -4.5311347e-03,       1.8247191e-03,       2.7635304e-02,       3.1961513e-03,       1.1182492e-02,       3.1146448e-03,       2.1006974e-02
       2.9427404e+00,       8.1759140e-01,      -3.9697800e-03,       1.8377994e-03,       2.9119826e-02,       3.0161660e-03,       1.1042654e-02,       3.1689744e-03,       2.1589323e-02
       2.9501532e+00,       7.9582250e-01,      -3.4304627e-03,       1.8448371e-03,       3.0595038e-02,       2.8221198e-03,       1.0856461e-02,       3.1972277e-03,       2.2136809e-02
       2.9573792e+00,       7.7147185e-01,      -2.9174500e-03,       1.8357057e-03,       3.2008842e-02,       2.6118868e-03,       1.0618554e-02,       3.1941235e-03,       2.2619641e-02
       2.9644221e+00,       7.4411623e-01,      -2.4341840e-03,       1.8086565e-03,       3.3279051e-02,       2.3844974e-03,       1.0328980e-02,       3.1543426e-03,       2.2996264e-02
       2.9712858e+00,       7.1322400e-01,      -1.9848713e-03,       1.7642581e-03,       3.4317552e-02,       2.1401826e-03,       9.9885759e-03,       3.0711680e-03,       2.3223155e-02
       2.9779740e+00,       6.7816302e-01,      -1.5744536e-03,       1.7085743e-03,       3.5012890e-02,       1.8803975e-03,       9.5890126e-03,       2.9382624e-03,       2.3241150e-02
       2.9844904e+00,       6.3818469e-01,      -1.2081039e-03,       1.6389271e-03,       3.5231687e-02,       1.6085041e-03,       9.1160894e-03,       2.7478440e-03,       2.2978140e-02
       2.9908387e+00,       5.9242790e-01,      -8.8994380e-04,       1.5460089e-03,       3.4790144e-02,       1.3296434e-03,       8.5554313e-03,       2.4930749e-03,       2.2337609e-02
       2.9970224e+00,       5.3997534e-01,      -6.2282438e-04,       1.4240388e-03,       3.3452090e-02,       1.0502297e-03,       7.8930762e-03,       2.1704043e-03,       2.1197698e-02
       3.0030453e+00,       4.7999168e-01,      -4.0869757e-04,       1.2778012e-03,       3.0931480e-02,       7.7980739e-04,       7.1071552e-03,       1.7832245e-03,       1.9409222e-02
       3.0089109e+00,       4.1193313e-01,      -2.4726496e-04,       1.1128686e-03,       2.6947352e-02,       5.3082076e-04,       6.1723863e-03,       1.3455713e-03,       1.6825279e-02
       3.0146226e+00,       3.3592137e-01,      -1.3483870e-04,       9.2775268e-04,       2.1360807e-02,       3.1675316e-04,       5.0617707e-03,       8.9023147e-04,       1.3369665e-02
       3.0201840e+00,       2.5321625e-01,      -6.3932708e-05,       7.1690299e-04,       1.4465654e-02,       1.5188886e-04,       3.7619900e-03,       4.7366898e-04,       9.1897662e-03
       3.0255984e+00,       1.6673457e-01,      -2.4270597e-05,       4.8316486e-04,       7.3682627e-03,       4.7565779e-05,       2.2939697e-03,       1.6654239e-04,       4.8548991e-03
       3.0308693e+00,       8.0890875e-02,      -5.3975771e-06,       2.4003265e-04,       1.9790103e-03,       5.0668921e-06,       8.1766653e-04,       2.1866834e-05,       1.4008719e-03
       3.0360000e+00,      -1.2984625e-06,       2.8537478e-08,      -3.1654864e-08,       4.0136767e-09,       1.1521570e-07,       8.8879971e-09,      -1.8087321e-09,       6.4058688e-08