      -6.2910985e-18,      -2.6900561e-07,      -1.6189975e-07,       2.5972923e-09,       3.1681795e-09,       4.7597630e-08,       4.8542308e-09,       1.4027468e-09,       2.7810020e-08
       5.1306625e-03,       1.8309378e-03,      -3.8011627e-05,      -2.6678944e-05,       2.9450771e-03,       1.6032825e-05,       3.3198183e-03,      -1.7960218e-05,       3.1404641e-03
       1.0401558e-02,       7.6249242e-03,      -1.6178586e-04,      -8.1732927e-05,       8.6133771e-03,       1.6401332e-04,       9.6051740e-03,      -1.1794911e-04,       9.1912822e-03
       1.5816011e-02,       1.5040009e-02,      -3.7007228e-04,      -1.7380684e-04,       1.4114594e-02,       5.4151426e-04,       1.5592866e-02,      -2.9269551e-04,       1.5124487e-02
       2.1377395e-02,       2.2564227e-02,      -6.5202333e-04,      -2.9246307e-04,       1.8486218e-02,       1.1469773e-03,       2.0368959e-02,      -4.9987981e-04,       2.0001077e-02
       2.7089130e-02,       2.9701757e-02,      -9.9790172e-04,      -4.2872906e-04,       2.1739803e-02,       1.9330324e-03,       2.4031663e-02,      -7.2077939e-04,       2.3852249e-02
       3.2954683e-02,       3.6339479e-02,      -1.4004532e-03,      -5.8191908e-04,       2.4115790e-02,       2.8461575e-03,       2.6822605e-02,      -9.4817481e-04,       2.6892276e-02
       3.8977569e-02,       4.2519244e-02,      -1.8528817e-03,      -7.4549660e-04,       2.5869430e-02,       3.8405927e-03,       2.8966511e-02,      -1.1831069e-03,       2.9338267e-02
       4.5161342e-02,       4.8303716e-02,      -2.3504407e-03,      -9.0325463e-04,       2.7194344e-02,       4.8802409e-03,       3.0628581e-02,      -1.4263872e-03,       3.1351583e-02
       5.1509600e-02,       5.3747186e-02,      -2.8899428e-03,      -1.0397223e-03,       2.8225645e-02,       5.9392770e-03,       3.1928074e-02,      -1.6785239e-03,       3.3046498e-02
       5.8025982e-02,       5.8887490e-02,      -3.4679069e-03,      -1.1410392e-03,       2.9060096e-02,       6.9994991e-03,       3.2951241e-02,      -1.9410070e-03,       3.4505418e-02
       6.4714163e-02,       6.3749000e-02,      -4.0817348e-03,      -1.1962261e-03,       2.9758708e-02,       8.0490534e-03,       3.3756915e-02,      -2.2152697e-03,       3.5782339e-02
       7.1577853e-02,       6.8355239e-02,      -4.7307215e-03,      -1.1982083e-03,       3.0358489e-02,       9.0813267e-03,       3.4386781e-02,      -2.5014198e-03,       3.6913298e-02
       7.8620797e-02,       7.2735030e-02,      -5.4157565e-03,      -1.1522694e-03,       3.0878254e-02,       1.0092531e-02,       3.4882150e-02,      -2.7986795e-03,       3.7926468e-02
       8.5846769e-02,       7.6915594e-02,      -6.1380892e-03,      -1.0932933e-03,       3.1343184e-02,       1.1077906e-02,       3.5275513e-02,      -3.1048990e-03,       3.8848301e-02
       9.3259571e-02,       8.0927081e-02,      -6.8998770e-03,      -1.0525435e-03,       3.1777329e-02,       1.2034731e-02,       3.5580435e-02,      -3.4213109e-03,       3.9696247e-02
       1.0086303e-01,       8.4792257e-02,      -7.7051763e-03,      -1.0222164e-03,       3.2198529e-02,       1.2961618e-02,       3.5798811e-02,      -3.7505558e-03,       4.0479479e-02
       1.0866099e-01,       8.8534328e-02,      -8.5568956e-03,      -9.7894907e-04,       3.2614373e-02,       1.3858117e-02,       3.5940942e-02,      -4.0947441e-03,       4.1206716e-02
       1.1665731e-01,       9.2176503e-02,      -9.4518583e-03,      -9.2659919e-04,       3.3025608e-02,       1.4724463e-02,       3.6033830e-02,      -4.4529256e-03,       4.1891951e-02
       1.2485588e-01,       9.5745484e-02,      -1.0382249e-02,      -8.9578597e-04,       3.3424404e-02,       1.5561394e-02,       3.6101014e-02,      -4.8202092e-03,       4.2543406e-02
       1.3326057e-01,       9.9263121e-02,      -1.1343800e-02,      -9.0119650e-04,       3.3808767e-02,       1.6369459e-02,       3.6156191e-02,      -5.1907693e-03,       4.3167208e-02
       1.4187529e-01,       1.0277355e-01,      -1.2336043e-02,      -9.3170084e-04,       3.4188139e-02,       1.7153468e-02,       3.6207602e-02,      -5.5639066e-03,       4.3774605e-02
       1.5070392e-01,       1.0632238e-01,      -1.3357650e-02,      -9.6614628e-04,       3.4576741e-02,       1.7921053e-02,       3.6252532e-02,      -5.9415796e-03,       4.4375163e-02
       1.5975036e-01,       1.0993964e-01,      -1.4405804e-02,      -9.9326237e-04,       3.4981833e-02,       1.8679438e-02,       3.6282054e-02,      -6.3240081e-03,       4.4971662e-02
       1.6901847e-01,       1.1364258e-01,      -1.5477567e-02,      -1.0209278e-03,       3.5415499e-02,       1.9431930e-02,       3.6293773e-02,      -6.7131827e-03,       4.5570601e-02
       1.7851213e-01,       1.1744480e-01,      -1.6569624e-02,      -1.0580474e-03,       3.5890188e-02,       2.0177806e-02,       3.6299040e-02,      -7.1133914e-03,       4.6183517e-02
       1.8823517e-01,       1.2134862e-01,      -1.7681826e-02,      -1.1285792e-03,       3.6423879e-02,       2.0913631e-02,       3.6302766e-02,      -7.5296407e-03,       4.6820138e-02
       1.9819142e-01,       1.2537473e-01,      -1.8814528e-02,      -1.2597215e-03,       3.7016467e-02,       2.1642620e-02,       3.6310899e-02,      -7.9647751e-03,       4.7484993e-02
       2.0838466e-01,       1.2953718e-01,      -1.9963055e-02,      -1.4310280e-03,       3.7658629e-02,       2.2368887e-02,       3.6321575e-02,      -8.4202367e-03,       4.8174546e-02
       2.1881863e-01,       1.3381542e-01,      -2.1129094e-02,      -1.6135482e-03,       3.8335341e-02,       2.3092920e-02,       3.6331987e-02,      -8.9003483e-03,       4.8880124e-02
       2.2949703e-01,       1.3818056e-01,      -2.2324427e-02,      -1.7766812e-03,       3.9050324e-02,       2.3816631e-02,       3.6344194e-02,      -9.4078767e-03,       4.9605574e-02
       2.4042351e-01,       1.4266695e-01,      -2.3554965e-02,      -1.8800064e-03,       3.9798263e-02,       2.4541562e-02,       3.6353429e-02,      -9.9410095e-03,       5.0346627e-02
       2.5160165e-01,       1.4727073e-01,      -2.4810801e-02,      -1.9844916e-03,       4.0566459e-02,       2.5261379e-02,       3.6357770e-02,      -1.0492416e-02,       5.1092804e-02
       2.6303498e-01,       1.5199433e-01,      -2.6097304e-02,      -2.0865284e-03,       4.1359738e-02,       2.5971804e-02,       3.6372823e-02,      -1.1054231e-02,       5.1852183e-02
       2.7472693e-01,       1.5686119e-01,      -2.7422328e-02,      -2.1101214e-03,       4.2176865e-02,       2.6671594e-02,       3.6418011e-02,      -1.1620089e-02,       5.2633235e-02
       2.8668086e-01,       1.6187937e-01,      -2.8793505e-02,      -2.0237293e-03,       4.3005066e-02,       2.7350866e-02,       3.6527687e-02,      -1.2187345e-02,       5.3441809e-02
       2.9890004e-01,       1.6703688e-01,      -3.0216256e-02,      -1.8527759e-03,       4.3846349e-02,       2.7999277e-02,       3.6696768e-02,      -1.2754555e-02,       5.4271197e-02
       3.1138764e-01,       1.7237206e-01,      -3.1671696e-02,      -1.6754819e-03,       4.4706610e-02,       2.8618081e-02,       3.6932516e-02,      -1.3320800e-02,       5.5128604e-02
       3.2414670e-01,       1.7796121e-01,      -3.3116225e-02,      -1.5412776e-03,       4.5615184e-02,       2.9216237e-02,       3.7232075e-02,      -1.3883542e-02,       5.6031748e-02
       3.3718018e-01,       1.8379049e-01,      -3.4533928e-02,      -1.3903241e-03,       4.6578123e-02,       2.9808710e-02,       3.7553355e-02,      -1.4441129e-02,       5.6970094e-02
       3.5049087e-01,       1.8985653e-01,      -3.5919477e-02,      -1.2518306e-03,       4.7584585e-02,       3.0405454e-02,       3.7855448e-02,      -1.5005339e-02,       5.7922744e-02
       3.6408145e-01,       1.9622820e-01,      -3.7276476e-02,      -1.2437934e-03,       4.8627396e-02,       3.0991331e-02,       3.8162383e-02,      -1.5582092e-02,       5.8890555e-02
       3.7795444e-01,       2.0293637e-01,      -3.8625127e-02,      -1.3850776e-03,       4.9667919e-02,       3.1548904e-02,       3.8475563e-02,      -1.6157942e-02,       5.9846193e-02
       3.9211221e-01,       2.0986214e-01,      -3.9972440e-02,      -1.6414029e-03,       5.0676397e-02,       3.2076540e-02,       3.8828583e-02,      -1.6724113e-02,       6.0790760e-02
       4.0655696e-01,       2.1689234e-01,      -4.1299789e-02,      -1.9218453e-03,       5.1598254e-02,       3.2557474e-02,       3.9211320e-02,      -1.7260289e-02,       6.1683524e-02
       4.2129072e-01,       2.2408523e-01,      -4.2601152e-02,      -2.1492241e-03,       5.2423678e-02,       3.2992865e-02,       3.9585214e-02,      -1.7751918e-02,       6.2500879e-02
       4.3631531e-01,       2.3158742e-01,      -4.3878459e-02,      -2.3044678e-03,       5.3193223e-02,       3.3417019e-02,       3.9907754e-02,      -1.8194644e-02,       6.3258998e-02
       4.5163237e-01,       2.3943954e-01,      -4.5146179e-02,      -2.4572875e-03,       5.3967289e-02,       3.3850453e-02,       4.0142237e-02,      -1.8616413e-02,       6.3979989e-02
       4.6724335e-01,       2.4757673e-01,      -4.6419935e-02,      -2.6465880e-03,       5.4771319e-02,       3.4286272e-02,       4.0290827e-02,      -1.9050438e-02,       6.4674209e-02
       4.8314944e-01,       2.5602553e-01,      -4.7689572e-02,      -2.8497579e-03,       5.5632832e-02,       3.4719417e-02,       4.0466083e-02,      -1.9511621e-02,       6.5409167e-02
       4.9935164e-01,       2.6474955e-01,      -4.8949284e-02,      -3.0625113e-03,       5.6561659e-02,       3.5133503e-02,       4.0674630e-02,      -1.9985319e-02,       6.6184896e-02
       5.1585069e-01,       2.7370136e-01,      -5.0242799e-02,      -3.2922751e-03,       5.7527129e-02,       3.5505769e-02,       4.0921858e-02,      -2.0444568e-02,       6.6977378e-02
       5.3264710e-01,       2.8282232e-01,      -5.1536238e-02,      -3.4855557e-03,       5.8480753e-02,       3.5836610e-02,       4.1245509e-02,      -2.0880104e-02,       6.7781436e-02
       5.4974109e-01,       2.9204807e-01,      -5.2789889e-02,      -3.6670715e-03,       5.9379410e-02,       3.6117941e-02,       4.1667136e-02,      -2.1290910e-02,       6.8582243e-02
       5.6713265e-01,       3.0155287e-01,      -5.4025707e-02,      -3.9790275e-03,       6.0194123e-02,       3.6363041e-02,       4.2083086e-02,      -2.1673182e-02,       6.9320125e-02
       5.8482146e-01,       3.1146546e-01,      -5.5208220e-02,      -4.3720569e-03,       6.0911079e-02,       3.6603704e-02,       4.2382609e-02,      -2.2036763e-02,       6.9948696e-02
       6.0280695e-01,       3.2183657e-01,      -5.6369850e-02,      -4.7293852e-03,       6.1642371e-02,       3.6823517e-02,       4.2592946e-02,      -2.2404669e-02,       7.0529417e-02
       6.2108821e-01,       3.3256607e-01,      -5.7588786e-02,      -5.0159275e-03,       6.2467715e-02,       3.6997901e-02,       4.2758110e-02,      -2.2780446e-02,       7.1111863e-02
       6.3966407e-01,       3.4350575e-01,      -5.8815024e-02,      -5.0756221e-03,       6.3375060e-02,       3.7132264e-02,       4.2902754e-02,      -2.3153435e-02,       7.1705039e-02
       6.5853302e-01,       3.5451494e-01,      -5.9971370e-02,      -4.8549839e-03,       6.4310326e-02,       3.7219169e-02,       4.3047343e-02,      -2.3517850e-02,       7.2288419e-02
       6.7769324e-01,       3.6563441e-01,      -6.1091614e-02,      -4.4752319e-03,       6.5219926e-02,       3.7266791e-02,       4.3207673e-02,      -2.3859487e-02,       7.2847195e-02
       6.9714259e-01,       3.7700907e-01,      -6.2214011e-02,      -3.9235543e-03,       6.6034309e-02,       3.7277263e-02,       4.3343787e-02,      -2.4152669e-02,       7.3327679e-02
       7.1687858e-01,       3.8881154e-01,      -6.3292016e-02,      -3.4311640e-03,       6.6761229e-02,       3.7247217e-02,       4.3499322e-02,      -2.4405929e-02,       7.3753884e-02
       7.3689839e-01,       4.0097914e-01,      -6.4316515e-02,      -3.1551608e-03,       6.7467799e-02,       3.7170949e-02,       4.3724503e-02,      -2.4614119e-02,       7.4181626e-02
       7.5719887e-01,       4.1317629e-01,      -6.5231547e-02,      -2.9552205e-03,       6.8145862e-02,       3.7071996e-02,       4.4016760e-02,      -2.4784564e-02,       7.4617309e-02
       7.7777649e-01,       4.2532157e-01,      -6.6017935e-02,      -2.7592369e-03,       6.8776557e-02,       3.6945756e-02,       4.4285298e-02,      -2.4908972e-02,       7.5003806e-02
       7.9862740e-01,       4.3774066e-01,      -6.6768883e-02,      -2.7734703e-03,       6.9342414e-02,       3.6779651e-02,       4.4509379e-02,      -2.4991927e-02,       7.5315722e-02
       8.1974737e-01,       4.5051001e-01,      -6.7466471e-02,      -2.9409506e-03,       6.9667490e-02,       3.6621885e-02,       4.4485263e-02,      -2.5052994e-02,       7.5387319e-02
       8.4113182e-01,       4.6370192e-01,      -6.8061851e-02,      -3.2661294e-03,       6.9918363e-02,       3.6452068e-02,       4.4262612e-02,      -2.5075397e-02,       7.5316522e-02
       8.6277582e-01,       4.7724985e-01,      -6.8556607e-02,      -3.6660165e-03,       7.0140966e-02,       3.6218661e-02,       4.4033733e-02,      -2.5002441e-02,       7.5196680e-02
       8.8467406e-01,       4.9100213e-01,      -6.8950816e-02,      -3.9787897e-03,       7.0320664e-02,       3.5944517e-02,       4.3828023e-02,      -2.4849495e-02,       7.5046602e-02
       9.0682089e-01,       5.0476709e-01,      -6.9278435e-02,      -4.3087583e-03,       7.0550911e-02,       3.5605591e-02,       4.3629486e-02,      -2.4669152e-02,       7.4892994e-02
       9.2921028e-01,       5.1850440e-01,      -6.9591968e-02,      -4.6309339e-03,       7.0786761e-02,       3.5185476e-02,       4.3319630e-02,      -2.4484818e-02,       7.4645933e-02
       9.5183587e-01,       5.3238669e-01,      -6.9840185e-02,      -4.6977785e-03,       7.0785325e-02,       3.4722700e-02,       4.2683263e-02,      -2.4271745e-02,       7.4095644e-02
       9.7469093e-01,       5.4657498e-01,      -6.9962041e-02,      -4.5374181e-03,       7.0473897e-02,       3.4227798e-02,       4.1998241e-02,      -2.4006870e-02,       7.3349968e-02
       9.9776837e-01,       5.6102575e-01,      -6.9963577e-02,      -4.1247345e-03,       6.9921522e-02,       3.3730425e-02,       4.1381406e-02,      -2.3684941e-02,       7.2516677e-02
       1.0210608e+00,       5.7561142e-01,      -6.9855646e-02,      -3.6553746e-03,       6.9273367e-02,       3.3258557e-02,       4.0705395e-02,      -2.3331497e-02,       7.1618659e-02
       1.0445604e+00,       5.8997324e-01,      -6.9679496e-02,      -3.2990671e-03,       6.8699473e-02,       3.2738086e-02,       3.9970031e-02,      -2.2950540e-02,       7.0703795e-02
       1.0682592e+00,       6.0423339e-01,      -6.9465909e-02,      -3.0735229e-03,       6.8069015e-02,       3.2204305e-02,       3.9238797e-02,      -2.2529517e-02,       6.9756058e-02
       1.0921487e+00,       6.1853015e-01,      -6.9124331e-02,      -2.9790466e-03,       6.7159394e-02,       3.1688471e-02,       3.8428449e-02,      -2.2069124e-02,       6.8638157e-02
       1.1162202e+00,       6.3275877e-01,      -6.8652175e-02,      -2.9201045e-03,       6.6108810e-02,       3.1138353e-02,       3.7683312e-02,      -2.1584868e-02,       6.7465237e-02
       1.1404647e+00,       6.4678163e-01,      -6.8130953e-02,      -2.8135858e-03,       6.4946030e-02,       3.0543265e-02,       3.6982192e-02,      -2.1078108e-02,       6.6235743e-02
       1.1648729e+00,       6.6050772e-01,      -6.7548101e-02,      -2.7272530e-03,       6.3728625e-02,       2.9972482e-02,       3.6330220e-02,      -2.0579908e-02,       6.5015663e-02
       1.1894352e+00,       6.7403261e-01,      -6.6867707e-02,      -2.7931786e-03,       6.2510704e-02,       2.9410852e-02,       3.5675437e-02,      -2.0050858e-02,       6.3798497e-02
       1.2141417e+00,       6.8761788e-01,      -6.6146868e-02,      -2.8060858e-03,       6.1332092e-02,       2.8819918e-02,       3.4939028e-02,      -1.9468319e-02,       6.2545519e-02
       1.2389825e+00,       7.0118866e-01,      -6.5381787e-02,      -2.3814454e-03,       5.9789407e-02,       2.8189064e-02,       3.4068573e-02,      -1.8865494e-02,       6.1023522e-02
       1.2639470e+00,       7.1457399e-01,      -6.4601722e-02,      -1.4763044e-03,       5.8143126e-02,       2.7543779e-02,       3.3246977e-02,      -1.8262324e-02,       5.9466941e-02
       1.2890249e+00,       7.2774446e-01,      -6.3806368e-02,      -2.1092254e-04,       5.6576101e-02,       2.6896458e-02,       3.2412606e-02,      -1.7645952e-02,       5.7942582e-02
       1.3142053e+00,       7.4065723e-01,      -6.2959648e-02,       9.3033230e-04,       5.5094045e-02,       2.6261281e-02,       3.1542838e-02,      -1.7036615e-02,       5.6449082e-02
       1.3394773e+00,       7.5344518e-01,      -6.2050595e-02,       1.6674983e-03,       5.3556712e-02,       2.5648004e-02,       3.0668447e-02,      -1.6418679e-02,       5.4936581e-02
       1.3648299e+00,       7.6625570e-01,      -6.1091605e-02,       2.2100669e-03,       5.1997505e-02,       2.5046439e-02,       2.9756553e-02,      -1.5815047e-02,       5.3400249e-02
       1.3902518e+00,       7.7861904e-01,      -6.0089051e-02,       2.6303692e-03,       5.0421481e-02,       2.4407437e-02,       2.8732605e-02,      -1.5217238e-02,       5.1780761e-02
       1.4157316e+00,       7.9042220e-01,      -5.9060673e-02,       3.0182180e-03,       4.8957998e-02,       2.3724391e-02,       2.7790011e-02,      -1.4635802e-02,       5.0236200e-02
       1.4412579e+00,       8.0159499e-01,      -5.8002664e-02,       3.4685586e-03,       4.7549740e-02,       2.3046285e-02,       2.6919022e-02,      -1.4073104e-02,       4.8757523e-02
       1.4668192e+00,       8.1228995e-01,      -5.6919812e-02,       3.9304907e-03,       4.6177213e-02,       2.2432202e-02,       2.6127963e-02,      -1.3516421e-02,       4.7368689e-02
       1.4924037e+00,       8.2255020e-01,      -5.5827210e-02,       4.3715917e-03,       4.4857491e-02,       2.1859707e-02,       2.5361942e-02,      -1.2980884e-02,       4.6039570e-02
       1.5180000e+00,       8.3236764e-01,      -5.4739201e-02,       4.7737972e-03,       4.3523667e-02,       2.1287472e-02,       2.4655144e-02,      -1.2461346e-02,       4.4733141e-02
       1.5435963e+00,       8.4188922e-01,      -5.3650795e-02,       5.2129766e-03,       4.2121650e-02,       2.0704493e-02,       2.3977927e-02,      -1.1928312e-02,       4.3402035e-02
       1.5691808e+00,       8.5092616e-01,      -5.2568358e-02,       5.7350291e-03,       4.0807659e-02,       2.0094143e-02,       2.3363881e-02,      -1.1403617e-02,       4.2132842e-02
       1.5947421e+00,       8.5938944e-01,      -5.1492151e-02,       6.2060520e-03,       3.9575117e-02,       1.9492366e-02,       2.2696172e-02,      -1.0933818e-02,       4.0881828e-02
       1.6202684e+00,       8.6748279e-01,      -5.0415604e-02,       6.4917850e-03,       3.8358688e-02,       1.8961775e-02,       2.1967426e-02,      -1.0502214e-02,       3.9643945e-02
       1.6457482e+00,       8.7536743e-01,      -4.9324593e-02,       6.6240421e-03,       3.7127753e-02,       1.8494923e-02,       2.1206867e-02,      -1.0087694e-02,       3.8414772e-02
       1.6711701e+00,       8.8298326e-01,      -4.8221345e-02,       6.6588979e-03,       3.5892985e-02,       1.8048622e-02,       2.0443748e-02,      -9.6880910e-03,       3.7192678e-02
       1.6965227e+00,       8.9034759e-01,      -4.7131037e-02,       6.6393658e-03,       3.4604053e-02,       1.7624845e-02,       1.9647473e-02,      -9.3139382e-03,       3.5938185e-02
       1.7217947e+00,       8.9741758e-01,      -4.6067384e-02,       6.6332315e-03,       3.3410824e-02,       1.7194289e-02,       1.8939270e-02,      -8.9494921e-03,       3.4772191e-02
       1.7469751e+00,       9.0417420e-01,      -4.5024227e-02,       6.6032328e-03,       3.2310299e-02,       1.6763045e-02,       1.8304207e-02,      -8.5899486e-03,       3.3688775e-02
       1.7720530e+00,       9.1058008e-01,      -4.4009259e-02,       6.5229662e-03,       3.1285952e-02,       1.6343741e-02,       1.7674693e-02,      -8.2443140e-03,       3.2652193e-02
       1.7970175e+00,       9.1667060e-01,      -4.3031188e-02,       6.4118501e-03,       3.0348071e-02,       1.5928851e-02,       1.7055956e-02,      -7.9188109e-03,       3.1666439e-02
       1.8218583e+00,       9.2242879e-01,      -4.2075316e-02,       6.2124691e-03,       2.9494900e-02,       1.5515832e-02,       1.6463549e-02,      -7.6052393e-03,       3.0737140e-02
       1.8465648e+00,       9.2782514e-01,      -4.1138961e-02,       5.9702214e-03,       2.8674223e-02,       1.5113673e-02,       1.5872027e-02,      -7.3001574e-03,       2.9829962e-02
       1.8711271e+00,       9.3301593e-01,      -4.0207393e-02,       5.8120583e-03,       2.7867749e-02,       1.4737708e-02,       1.5331219e-02,      -6.9980465e-03,       2.8968338e-02
       1.8955353e+00,       9.3801691e-01,      -3.9277264e-02,       5.6782736e-03,       2.7077781e-02,       1.4387226e-02,       1.4827708e-02,      -6.6962408e-03,       2.8146357e-02
       1.9197798e+00,       9.4271641e-01,      -3.8376551e-02,       5.6357730e-03,       2.6348132e-02,       1.4045439e-02,       1.4343004e-02,      -6.4052893e-03,       2.7368287e-02
       1.9438513e+00,       9.4704987e-01,      -3.7518966e-02,       5.6982426e-03,       2.5685948e-02,       1.3694499e-02,       1.3894056e-02,      -6.1462340e-03,       2.6637251e-02
       1.9677408e+00,       9.5118251e-01,      -3.6676947e-02,       5.6780646e-03,       2.5043169e-02,       1.3349544e-02,       1.3504167e-02,      -5.9064415e-03,       2.5948440e-02
       1.9914396e+00,       9.5533686e-01,      -3.5832905e-02,       5.6254923e-03,       2.4391791e-02,       1.3028065e-02,       1.3146463e-02,      -5.6589983e-03,       2.5283159e-02
       2.0149392e+00,       9.5935517e-01,      -3.5002965e-02,       5.5505788e-03,       2.3773240e-02,       1.2728730e-02,       1.2783671e-02,      -5.4181258e-03,       2.4642821e-02
       2.0382316e+00,       9.6307133e-01,      -3.4199176e-02,       5.4565801e-03,       2.3175253e-02,       1.2443919e-02,       1.2455651e-02,      -5.1975140e-03,       2.4037412e-02
       2.0613091e+00,       9.6647838e-01,      -3.3420583e-02,       5.3763648e-03,       2.2607170e-02,       1.2179471e-02,       1.2159454e-02,      -4.9969443e-03,       2.3473048e-02
       2.0841641e+00,       9.6967756e-01,      -3.2654421e-02,       5.2860121e-03,       2.2074792e-02,       1.1928660e-02,       1.1890398e-02,      -4.8031848e-03,       2.2946925e-02
       2.1067897e+00,       9.7271601e-01,      -3.1886815e-02,       5.1379008e-03,       2.1544623e-02,       1.1687492e-02,       1.1642070e-02,      -4.6075114e-03,       2.2437093e-02
       2.1291791e+00,       9.7555151e-01,      -3.1124885e-02,       5.0048218e-03,       2.1014150e-02,       1.1450907e-02,       1.1395616e-02,      -4.4126591e-03,       2.1930336e-02
       2.1513259e+00,       9.7817534e-01,      -3.0382310e-02,       4.8648853e-03,       2.0490596e-02,       1.1206823e-02,       1.1161040e-02,      -4.2263884e-03,       2.1429229e-02
       2.1732242e+00,       9.8064341e-01,      -2.9647181e-02,       4.6600935e-03,       1.9973097e-02,       1.0961728e-02,       1.0951045e-02,      -4.0388567e-03,       2.0942935e-02
       2.1948682e+00,       9.8296546e-01,      -2.8915822e-02,       4.4634505e-03,       1.9461290e-02,       1.0723547e-02,       1.0753815e-02,      -3.8477230e-03,       2.0469326e-02
       2.2162526e+00,       9.8512983e-01,      -2.8196486e-02,       4.3008911e-03,       1.8964030e-02,       1.0485660e-02,       1.0572038e-02,      -3.6581036e-03,       2.0010865e-02
       2.2373726e+00,       9.8712732e-01,      -2.7490620e-02,       4.1342386e-03,       1.8487499e-02,       1.0251204e-02,       1.0385180e-02,      -3.4734861e-03,       1.9561941e-02
       2.2582235e+00,       9.8898711e-01,      -2.6799731e-02,       3.9750312e-03,       1.8028178e-02,       1.0028222e-02,       1.0175457e-02,      -3.2959618e-03,       1.9115929e-02
       2.2788011e+00,       9.9067538e-01,      -2.6125312e-02,       3.8036236e-03,       1.7611631e-02,       9.8137270e-03,       9.9633658e-03,      -3.1266043e-03,       1.8694362e-02
       2.2991016e+00,       9.9218744e-01,      -2.5456449e-02,       3.6239029e-03,       1.7229465e-02,       9.6070030e-03,       9.7716437e-03,      -2.9539023e-03,       1.8304056e-02
       2.3191214e+00,       9.9352999e-01,      -2.4792392e-02,       3.4707114e-03,       1.6858846e-02,       9.4054533e-03,       9.6004736e-03,      -2.7804540e-03,       1.7932386e-02
       2.3388574e+00,       9.9465803e-01,      -2.4138599e-02,       3.3934627e-03,       1.6503067e-02,       9.2033000e-03,       9.4528241e-03,      -2.6135395e-03,       1.7579596e-02
       2.3583068e+00,       9.9553268e-01,      -2.3494826e-02,       3.3769503e-03,       1.6162056e-02,       8.9991994e-03,       9.3280862e-03,      -2.4519232e-03,       1.7244671e-02
       2.3774670e+00,       9.9614500e-01,      -2.2860903e-02,       3.3776379e-03,       1.5857822e-02,       8.7944565e-03,       9.2251127e-03,      -2.2943608e-03,       1.6938695e-02
       2.3963359e+00,       9.9653623e-01,      -2.2243692e-02,       3.3977183e-03,       1.5583495e-02,       8.5894914e-03,       9.1315168e-03,      -2.1440605e-03,       1.6652251e-02
       2.4149118e+00,       9.9679382e-01,      -2.1638701e-02,       3.4581858e-03,       1.5321135e-02,       8.3881069e-03,       9.0419796e-03,      -1.9954221e-03,       1.6375611e-02
       2.4331931e+00,       9.9697283e-01,      -2.1038259e-02,       3.5248044e-03,       1.5060922e-02,       8.1945117e-03,       8.9613687e-03,      -1.8444956e-03,       1.6108401e-02
       2.4511785e+00,       9.9706664e-01,      -2.0441248e-02,       3.5705262e-03,       1.4811578e-02,       8.0075879e-03,       8.8967446e-03,      -1.6939574e-03,       1.5857955e-02
       2.4688674e+00,       9.9702681e-01,      -1.9850947e-02,       3.5886845e-03,       1.4580243e-02,       7.8234401e-03,       8.8467834e-03,      -1.5460836e-03,       1.5625233e-02
       2.4862589e+00,       9.9680061e-01,      -1.9269087e-02,       3.5811908e-03,       1.4362071e-02,       7.6421780e-03,       8.8131151e-03,      -1.4027694e-03,       1.5408682e-02
       2.5033529e+00,       9.9634965e-01,      -1.8696630e-02,       3.5656641e-03,       1.4156144e-02,       7.4649116e-03,       8.7930244e-03,      -1.2643540e-03,       1.5207040e-02
       2.5201493e+00,       9.9566495e-01,      -1.8130855e-02,       3.5422173e-03,       1.3965300e-02,       7.2937931e-03,       8.7798583e-03,      -1.1284391e-03,       1.5019476e-02
       2.5366484e+00,       9.9475248e-01,      -1.7568627e-02,       3.5038658e-03,       1.3799810e-02,       7.1273252e-03,       8.7811205e-03,      -9.9192531e-04,       1.4854128e-02
       2.5528506e+00,       9.9360875e-01,      -1.7009152e-02,       3.4493623e-03,       1.3663092e-02,       6.9643569e-03,       8.8020561e-03,      -8.5384884e-04,       1.4714753e-02
       2.5687567e+00,       9.9225198e-01,      -1.6452140e-02,       3.3806516e-03,       1.3549781e-02,       6.8075566e-03,       8.8441867e-03,      -7.1363563e-04,       1.4600762e-02
       2.5843676e+00,       9.9070517e-01,      -1.5896841e-02,       3.3055040e-03,       1.3457190e-02,       6.6590203e-03,       8.9088124e-03,      -5.7197909e-04,       1.4512511e-02
       2.5996847e+00,       9.8895085e-01,      -1.5343026e-02,       3.2111178e-03,       1.3390875e-02,       6.5178679e-03,       8.9861160e-03,      -4.2971182e-04,       1.4447430e-02
       2.6147093e+00,       9.8699365e-01,      -1.4793535e-02,       3.0811368e-03,       1.3356230e-02,       6.3825714e-03,       9.0654357e-03,      -2.8784105e-04,       1.4402118e-02
       2.6294430e+00,       9.8485454e-01,      -1.4250859e-02,       2.9250724e-03,       1.3355328e-02,       6.2525574e-03,       9.1421364e-03,      -1.4744771e-04,       1.4375011e-02
       2.6438878e+00,       9.8253079e-01,      -1.3715277e-02,       2.7853599e-03,       1.3386770e-02,       6.1263975e-03,       9.2219385e-03,      -8.9003043e-06,       1.4367553e-02
       2.6580456e+00,       9.8000576e-01,      -1.3185922e-02,       2.6959070e-03,       1.3443070e-02,       6.0041771e-03,       9.3114190e-03,       1.2860614e-04,       1.4379333e-02
       2.6719185e+00,       9.7726442e-01,      -1.2662352e-02,       2.6396579e-03,       1.3527698e-02,       5.8874857e-03,       9.4177043e-03,       2.6531007e-04,       1.4416444e-02
       2.6855091e+00,       9.7430677e-01,      -1.2143933e-02,       2.5906929e-03,       1.3642718e-02,       5.7766726e-03,       9.5372809e-03,       4.0228649e-04,       1.4478336e-02
       2.6988198e+00,       9.7113023e-01,      -1.1630836e-02,       2.5331270e-03,       1.3781920e-02,       5.6727426e-03,       9.6726037e-03,       5.3993823e-04,       1.4563633e-02
       2.7118533e+00,       9.6771928e-01,      -1.1122969e-02,       2.4527415e-03,       1.3947735e-02,       5.5763784e-03,       9.8125717e-03,       6.7672981e-04,       1.4668343e-02
       2.7246124e+00,       9.6404187e-01,      -1.0617014e-02,       2.3461632e-03,       1.4150918e-02,       5.4850371e-03,       9.9520945e-03,       8.1392820e-04,       1.4794025e-02
       2.7371000e+00,       9.6005762e-01,      -1.0107848e-02,       2.2137777e-03,       1.4393667e-02,       5.3960742e-03,       1.0100320e-02,       9.5569014e-04,       1.4945030e-02
       2.7493191e+00,       9.5572880e-01,      -9.5952428e-03,       2.0565755e-03,       1.4672723e-02,       5.3104664e-03,       1.0259009e-02,       1.1021835e-03,       1.5121099e-02
       2.7612731e+00,       9.5104647e-01,      -9.0814124e-03,       1.9006010e-03,       1.4989849e-02,       5.2302379e-03,       1.0420573e-02,       1.2513728e-03,       1.5320330e-02
       2.7729650e+00,       9.4599025e-01,      -8.5670829e-03,       1.7826198e-03,       1.5341953e-02,       5.1564725e-03,       1.0581282e-02,       1.4030907e-03,       1.5539854e-02
       2.7843983e+00,       9.4054499e-01,      -8.0523112e-03,       1.7179094e-03,       1.5733189e-02,       5.0892166e-03,       1.0734415e-02,       1.5576215e-03,       1.5778410e-02
       2.7955765e+00,       9.3470090e-01,      -7.5377936e-03,       1.7110747e-03,       1.6170341e-02,       5.0263444e-03,       1.0875980e-02,       1.7139402e-03,       1.6036333e-02
       2.8065030e+00,       9.2845390e-01,      -7.0256857e-03,       1.7555678e-03,       1.6651865e-02,       4.9659915e-03,       1.1009160e-02,       1.8705177e-03,       1.6313508e-02
       2.8171814e+00,       9.2178326e-01,      -6.5190798e-03,       1.8226534e-03,       1.7166448e-02,       4.9084263e-03,       1.1138388e-02,       2.0251809e-03,       1.6606631e-02
       2.8276153e+00,       9.1463670e-01,      -6.0184344e-03,       1.8890589e-03,       1.7714949e-02,       4.8529908e-03,       1.1256811e-02,       2.1771634e-03,       1.6912376e-02
       2.8378086e+00,       9.0697288e-01,      -5.5226889e-03,       1.9479736e-03,       1.8313388e-02,       4.7984764e-03,       1.1359856e-02,       2.3270287e-03,       1.7235860e-02
       2.8477648e+00,       8.9878839e-01,      -5.0328314e-03,       1.9929226e-03,       1.8977757e-02,       4.7439927e-03,       1.1447933e-02,       2.4741452e-03,       1.7584841e-02
       2.8574879e+00,       8.9007452e-01,      -4.5512444e-03,       2.0230774e-03,       1.9700990e-02,       4.6877788e-03,       1.1528869e-02,       2.6172219e-03,       1.7958819e-02
       2.8669815e+00,       8.8078767e-01,      -4.0791687e-03,       2.0465605e-03,       2.0471049e-02,       4.6280706e-03,       1.1610306e-02,       2.7563390e-03,       1.8354713e-02
       2.8762496e+00,       8.7086853e-01,      -3.6179085e-03,       2.0752896e-03,       2.1290616e-02,       4.5634083e-03,       1.1689920e-02,       2.8900865e-03,       1.8771972e-02
       2.8852961e+00,       8.6026765e-01,      -3.1701042e-03,       2.1075280e-03,       2.2161461e-02,       4.4926959e-03,       1.1756656e-02,       3.0157683e-03,       1.9205407e-02
       2.8941247e+00,       8.4892444e-01,      -2.7365873e-03,       2.1312046e-03,       2.3076773e-02,       4.4145038e-03,       1.1802941e-02,       3.1326807e-03,       1.9647109e-02
       2.9027394e+00,       8.3679374e-01,      -2.3195170e-03,       2.1383298e-03,       2.4025659e-02,       4.3265016e-03,       1.1820563e-02,       3.2396602e-03,       2.0086362e-02
       2.9111441e+00,       8.2383707e-01,      -1.9233131e-03,       2.1240635e-03,       2.4989822e-02,       4.2253817e-03,       1.1809118e-02,       3.3332919e-03,       2.0512161e-02
       2.9193427e+00,       8.0999295e-01,      -1.5529505e-03,       2.0878490e-03,       2.5944988e-02,       4.1093282e-03,       1.1769672e-02,       3.4099994e-03,       2.0911995e-02
       2.9273390e+00,       7.9513514e-01,      -1.2113969e-03,       2.0394079e-03,       2.6873941e-02,       3.9760659e-03,       1.1704250e-02,       3.4665961e-03,       2.1277129e-02
       2.9351370e+00,       7.7906246e-01,      -8.9864379e-04,       1.9913294e-03,       2.7777407e-02,       3.8211853e-03,       1.1618258e-02,       3.5018607e-03,       2.1608425e-02
       2.9427404e+00,       7.6155578e-01,      -6.1452310e-04,       1.9534560e-03,       2.8657049e-02,       3.6409055e-03,       1.1515216e-02,       3.5148327e-03,       2.1906585e-02
       2.9501532e+00,       7.4236513e-01,      -3.6043287e-04,       1.9246597e-03,       2.9499143e-02,       3.4336917e-03,       1.1387146e-02,       3.5025295e-03,       2.2159990e-02
       2.9573792e+00,       7.2118151e-01,      -1.3783415e-04,       1.8915670e-03,       3.0278318e-02,       3.1983178e-03,       1.1221787e-02,       3.4613597e-03,       2.2349212e-02
       2.9644221e+00,       6.9762576e-01,       5.2216133e-05,       1.8423361e-03,       3.0956047e-02,       2.9347257e-03,       1.1005843e-02,       3.3881181e-03,       2.2448308e-02
       2.9712858e+00,       6.7121853e-01,       2.0789434e-04,       1.7786071e-03,       3.1493172e-02,       2.6441733e-03,       1.0731766e-02,       3.2772558e-03,       2.2434556e-02
       2.9779740e+00,       6.4135173e-01,       3.2669740e-04,       1.7072111e-03,       3.1829733e-02,       2.3293837e-03,       1.0390088e-02,       3.1225782e-03,       2.2274602e-02
       2.9844904e+00,       6.0728649e-01,       4.0658667e-04,       1.6324764e-03,       3.1874473e-02,       1.9954164e-03,       9.9631576e-03,       2.9180383e-03,       2.1916524e-02
       2.9908387e+00,       5.6812926e-01,       4.4696219e-04,       1.5521817e-03,       3.1481707e-02,       1.6500821e-03,       9.4299947e-03,       2.6576556e-03,       2.1280892e-02
       2.9970224e+00,       5.2281277e-01,       4.4918380e-04,       1.4571855e-03,       3.0447310e-02,       1.3030605e-03,       8.7708570e-03,       2.3356623e-03,       2.0260614e-02
       3.0030453e+00,       4.7014235e-01,       4.1615623e-04,       1.3362961e-03,       2.8496733e-02,       9.6703062e-04,       7.9601881e-03,       1.9494902e-03,       1.8711976e-02
       3.0089109e+00,       4.0895087e-01,       3.5282819e-04,       1.1809793e-03,       2.5298363e-02,       6.5745295e-04,       6.9674570e-03,       1.5043865e-03,       1.6461636e-02
       3.0146226e+00,       3.3849744e-01,       2.6728303e-04,       9.8791232e-04,       2.0554423e-02,       3.9111315e-04,       5.7570656e-03,       1.0232911e-03,       1.3351301e-02
       3.0201840e+00,       2.5909617e-01,       1.7220813e-04,       7.5835455e-04,       1.4303884e-02,       1.8634899e-04,       4.3094003e-03,       5.6072848e-04,       9.3998166e-03
       3.0255984e+00,       1.7305572e-01,       8.4869830e-05,       5.0560150e-04,       7.4592839e-03,       5.7686239e-05,       2.6432119e-03,       2.0183629e-04,       5.0800910e-03
       3.0308693e+00,       8.4977727e-02,       2.2924856e-05,       2.4909239e-04,       2.0308806e-03,       6.0201607e-06,       9.4403917e-04,       2.6836807e-05,       1.4904700e-03
       3.0360000e+00,      -2.0300967e-06,       1.0354503e-08,       1.7918387e-08,       4.0504411e-09,       1.2555332e-07,       9.4663900e-09,      -2.1540580e-09,       6.9535075e-08